LandisData "Dynamic Input Data"
>>yearlandtypespeciesprobEstmaxANPPmaxB
0	18	ABIE.BAL	0.737	560	4241
0	18	ACER.RUB	0.838	963	6202
0	18	ACER.SAH	0.737	1136	8985
0	18	BETU.ALL	0.786	941	6290
0	18	BETU.PAP	0.944	603	3515
0	18	FAGU.GRA	0.737	1168	10434
0	18	LARI.LAR	0.838	439	3334
0	18	PICE.GLA	0.692	914	10362
0	18	PICE.MAR	0.614	790	9091
0	18	PICE.RUB	0.651	1877	13826
0	18	PINU.BAN	0.838	1201	8877
0	18	PINU.RES	0.786	1320	10266
0	18	PINU.STR	0.786	1065	8122
0	18	POPU.TRE	0.838	1131	7127
0	18	QUER.RUB	0.786	1934	15661
0	18	THUJ.SPP.ALL	0.651	930	6821
0	18	TSUG.CAN	0.614	803	7200
0	19	ABIE.BAL	0.786	610	4248
0	19	ACER.RUB	0.838	937	6124
0	19	ACER.SAH	0.737	1182	8704
0	19	BETU.ALL	0.737	1002	6119
0	19	BETU.PAP	0.944	612	3540
0	19	FAGU.GRA	0.737	1120	10807
0	19	LARI.LAR	0.838	424	3211
0	19	PICE.GLA	0.692	994	10361
0	19	PICE.MAR	0.614	877	9438
0	19	PICE.RUB	0.614	1822	13712
0	19	PINU.BAN	0.838	1219	9021
0	19	PINU.RES	0.786	1323	10241
0	19	PINU.STR	0.786	1076	7913
0	19	POPU.TRE	0.838	1156	7212
0	19	QUER.RUB	0.737	1836	15399
0	19	THUJ.SPP.ALL	0.651	948	6882
0	19	TSUG.CAN	0.614	797	7148
0	20	ABIE.BAL	0.786	477	4018
0	20	ACER.RUB	0.838	863	6132
0	20	ACER.SAH	0.737	895	8439
0	20	BETU.ALL	0.737	887	6164
0	20	BETU.PAP	0.944	563	3381
0	20	FAGU.GRA	0.737	1059	10268
0	20	LARI.LAR	0.838	373	3166
0	20	PICE.GLA	0.692	887	10402
0	20	PICE.MAR	0.614	825	8893
0	20	PICE.RUB	0.614	2470	12781
0	20	PINU.BAN	0.838	1163	8885
0	20	PINU.RES	0.786	1264	10081
0	20	PINU.STR	0.786	959	8173
0	20	POPU.TRE	0.838	1035	6918
0	20	QUER.RUB	0.737	1517	15206
0	20	THUJ.SPP.ALL	0.651	900	6821
0	20	TSUG.CAN	0.614	686	6993
0	21	ABIE.BAL	0.786	531	4138
0	21	ACER.RUB	0.838	875	5990
0	21	ACER.SAH	0.737	1103	8602
0	21	BETU.ALL	0.737	897	6119
0	21	BETU.PAP	0.944	553	3433
0	21	FAGU.GRA	0.737	1076	10360
0	21	LARI.LAR	0.838	379	3190
0	21	PICE.GLA	0.692	845	10111
0	21	PICE.MAR	0.614	832	8995
0	21	PICE.RUB	0.614	2629	13094
0	21	PINU.BAN	0.838	1145	8787
0	21	PINU.RES	0.786	1262	10030
0	21	PINU.STR	0.786	937	8217
0	21	POPU.TRE	0.838	1000	6908
0	21	QUER.RUB	0.786	1659	15523
0	21	THUJ.SPP.ALL	0.651	824	6799
0	21	TSUG.CAN	0.614	704	7034
0	69	ABIE.BAL	0.737	648	4434
0	69	ACER.RUB	0.786	805	5896
0	69	ACER.SAH	0.692	1107	9540
0	69	BETU.ALL	0.737	871	6230
0	69	BETU.PAP	0.838	655	3571
0	69	FAGU.GRA	0.692	1024	9932
0	69	LARI.LAR	0.893	369	3208
0	69	PICE.GLA	0.737	1072	10742
0	69	PICE.MAR	0.651	988	9631
0	69	PICE.RUB	0.614	1800	13852
0	69	PINU.BAN	0.893	1215	8987
0	69	PINU.RES	0.786	1223	10008
0	69	PINU.STR	0.786	960	7686
0	69	POPU.TRE	0.944	1157	7350
0	69	QUER.RUB	0.737	1721	15092
0	69	THUJ.SPP.ALL	0.614	916	6866
0	69	TSUG.CAN	0.551	729	6847
0	70	ABIE.BAL	0.737	512	4235
0	70	ACER.RUB	0.786	704	5777
0	70	ACER.SAH	0.692	1009	9000
0	70	BETU.ALL	0.737	773	5933
0	70	BETU.PAP	0.838	571	3477
0	70	FAGU.GRA	0.692	888	9948
0	70	LARI.LAR	0.838	351	3136
0	70	PICE.GLA	0.737	903	10237
0	70	PICE.MAR	0.651	897	9457
0	70	PICE.RUB	0.614	1803	13028
0	70	PINU.BAN	0.893	1146	8851
0	70	PINU.RES	0.786	1086	9838
0	70	PINU.STR	0.786	856	8069
0	70	POPU.TRE	0.944	1027	7089
0	70	QUER.RUB	0.692	1511	14449
0	70	THUJ.SPP.ALL	0.614	786	6554
0	70	TSUG.CAN	0.551	648	6529
0	71	ABIE.BAL	0.786	562	4094
0	71	ACER.RUB	0.838	799	5857
0	71	ACER.SAH	0.737	1047	8701
0	71	BETU.ALL	0.737	859	6159
0	71	BETU.PAP	0.893	566	3372
0	71	FAGU.GRA	0.692	1031	10153
0	71	LARI.LAR	0.893	398	3027
0	71	PICE.GLA	0.692	901	10523
0	71	PICE.MAR	0.614	809	9433
0	71	PICE.RUB	0.614	1998	13798
0	71	PINU.BAN	0.838	1149	8857
0	71	PINU.RES	0.786	1195	10041
0	71	PINU.STR	0.786	931	8281
0	71	POPU.TRE	0.944	980	6962
0	71	QUER.RUB	0.737	1594	14954
0	71	THUJ.SPP.ALL	0.614	825	6817
0	71	TSUG.CAN	0.614	679	6780
0	72	ABIE.BAL	0.786	635	4419
0	72	ACER.RUB	0.786	854	5967
0	72	ACER.SAH	0.737	1257	9096
0	72	BETU.ALL	0.737	918	6292
0	72	BETU.PAP	0.893	656	3593
0	72	FAGU.GRA	0.692	1091	10364
0	72	LARI.LAR	0.893	385	3141
0	72	PICE.GLA	0.737	1077	10852
0	72	PICE.MAR	0.614	972	9786
0	72	PICE.RUB	0.614	1887	13838
0	72	PINU.BAN	0.893	1223	9127
0	72	PINU.RES	0.786	1301	10265
0	72	PINU.STR	0.786	1013	8088
0	72	POPU.TRE	0.944	1191	7299
0	72	QUER.RUB	0.737	1828	15354
0	72	THUJ.SPP.ALL	0.614	934	7022
0	72	TSUG.CAN	0.614	730	7141
