LandisData "Dynamic Input Data"
>>year landtype species probEst maxANPP maxB
0	28	ABIE.BAL	0.786	719	5190
 0	28	ACER.RUB	0.838	585	3908
 0	28	ACER.SAH	0.737	698	5654
 0	28	BETU.ALL	0.737	612	4058
 0	28	BETU.PAP	0.893	388	2244
 0	28	FAGU.GRA	0.737	722	6567
 0	28	LARI.LAR	0.838	232	2015
 0	28	PICE.GLA	0.692	637	6923
 0	28	PICE.MAR	0.614	612	5925
 0	28	PICE.RUB	0.614	1092	8799
 0	28	PINU.BAN	0.838	777	5664
 0	28	PINU.RES	0.786	848	6540
 0	28	PINU.STR	0.786	668	5230
 0	28	POPU.TRE	0.838	734	4579
 0	28	QUER.RUB	0.786	1166	10006
 0	28	THUJ.SPP.ALL	0.614	585	4469
 0	28	TSUG.CAN	0.614	489	4351
 0	29	ABIE.BAL	0.786	733	4990
 0	29	ACER.RUB	0.838	537	3777
 0	29	ACER.SAH	0.737	656	5448
 0	29	BETU.ALL	0.737	551	4003
 0	29	BETU.PAP	0.893	371	2191
 0	29	FAGU.GRA	0.692	682	6444
 0	29	LARI.LAR	0.838	200	1838
 0	29	PICE.GLA	0.692	586	6596
 0	29	PICE.MAR	0.614	570	5831
 0	29	PICE.RUB	0.614	1273	8357
 0	29	PINU.BAN	0.838	752	5713
 0	29	PINU.RES	0.786	803	6357
 0	29	PINU.STR	0.786	623	5228
 0	29	POPU.TRE	0.838	687	4432
 0	29	QUER.RUB	0.737	1021	10116
 0	29	THUJ.SPP.ALL	0.614	489	4040
 0	29	TSUG.CAN	0.614	421	4372
 0	130	ABIE.BAL	0.737	694	5079
 0	130	ACER.RUB	0.737	449	3599
 0	130	ACER.SAH	0.692	582	5266
 0	130	BETU.ALL	0.692	487	3583
 0	130	BETU.PAP	0.838	351	2177
 0	130	FAGU.GRA	0.692	521	5708
 0	130	LARI.LAR	0.838	200	1719
 0	130	PICE.GLA	0.692	575	6480
 0	130	PICE.MAR	0.614	550	5952
 0	130	PICE.RUB	0.614	1392	8382
 0	130	PINU.BAN	0.838	750	5611
 0	130	PINU.RES	0.737	680	6096
 0	130	PINU.STR	0.737	543	4888
 0	130	POPU.TRE	0.893	648	4452
 0	130	QUER.RUB	0.651	858	9005
 0	130	THUJ.SPP.ALL	0.614	379	3877
 0	130	TSUG.CAN	0.551	370	4039
 0	131	ABIE.BAL	0.737	694	5151
 0	131	ACER.RUB	0.737	479	3604
 0	131	ACER.SAH	0.692	620	4976
 0	131	BETU.ALL	0.692	510	3736
 0	131	BETU.PAP	0.838	399	2198
 0	131	FAGU.GRA	0.692	553	6554
 0	131	LARI.LAR	0.838	205	1681
 0	131	PICE.GLA	0.692	682	6872
 0	131	PICE.MAR	0.614	550	6154
 0	131	PICE.RUB	0.614	998	8428
 0	131	PINU.BAN	0.838	777	5685
 0	131	PINU.RES	0.737	700	6264
 0	131	PINU.STR	0.737	568	4972
 0	131	POPU.TRE	0.893	738	4706
 0	131	QUER.RUB	0.651	862	9314
 0	131	THUJ.SPP.ALL	0.614	373	4023
 0	131	TSUG.CAN	0.523	404	4146
 0	132	ABIE.BAL	0.737	800	5282
 0	132	ACER.RUB	0.737	494	3642
 0	132	ACER.SAH	0.692	666	5481
 0	132	BETU.ALL	0.692	532	3642
 0	132	BETU.PAP	0.838	375	2242
 0	132	FAGU.GRA	0.692	567	6245
 0	132	LARI.LAR	0.838	180	1813
 0	132	PICE.GLA	0.692	692	6803
 0	132	PICE.MAR	0.614	600	6232
 0	132	PICE.RUB	0.614	1463	8640
 0	132	PINU.BAN	0.838	779	5657
 0	132	PINU.RES	0.737	699	6167
 0	132	PINU.STR	0.737	571	4927
 0	132	POPU.TRE	0.893	750	4587
 0	132	QUER.RUB	0.651	924	9656
 0	132	THUJ.SPP.ALL	0.614	396	3881
 0	132	TSUG.CAN	0.523	404	4124
 0	133	ABIE.BAL	0.737	768	5197
 0	133	ACER.RUB	0.786	475	3620
 0	133	ACER.SAH	0.692	707	5324
 0	133	BETU.ALL	0.737	509	3887
 0	133	BETU.PAP	0.838	383	2202
 0	133	FAGU.GRA	0.692	580	6547
 0	133	LARI.LAR	0.893	217	1956
 0	133	PICE.GLA	0.692	609	6799
 0	133	PICE.MAR	0.614	588	6272
 0	133	PICE.RUB	0.614	1003	8592
 0	133	PINU.BAN	0.893	729	5624
 0	133	PINU.RES	0.786	701	6162
 0	133	PINU.STR	0.786	561	5030
 0	133	POPU.TRE	0.893	716	4484
 0	133	QUER.RUB	0.737	1002	9444
 0	133	THUJ.SPP.ALL	0.614	468	4188
 0	133	TSUG.CAN	0.551	414	4230
 0	134	ABIE.BAL	0.737	690	5094
 0	134	ACER.RUB	0.737	418	3430
 0	134	ACER.SAH	0.692	570	5062
 0	134	BETU.ALL	0.692	490	3533
 0	134	BETU.PAP	0.838	351	2146
 0	134	FAGU.GRA	0.692	485	5986
 0	134	LARI.LAR	0.838	190	1842
 0	134	PICE.GLA	0.692	587	6544
 0	134	PICE.MAR	0.614	559	5956
 0	134	PICE.RUB	0.614	1476	8382
 0	134	PINU.BAN	0.838	731	5674
 0	134	PINU.RES	0.737	664	5932
 0	134	PINU.STR	0.737	533	4835
 0	134	POPU.TRE	0.893	627	4478
 0	134	QUER.RUB	0.651	755	8834
 0	134	THUJ.SPP.ALL	0.614	438	4002
 0	134	TSUG.CAN	0.523	372	4028
 0	135	ABIE.BAL	0.737	768	5336
 0	135	ACER.RUB	0.737	452	3600
 0	135	ACER.SAH	0.692	570	5348
 0	135	BETU.ALL	0.692	509	3872
 0	135	BETU.PAP	0.838	391	2212
 0	135	FAGU.GRA	0.651	542	6012
 0	135	LARI.LAR	0.838	206	1897
 0	135	PICE.GLA	0.692	680	6869
 0	135	PICE.MAR	0.614	572	6350
 0	135	PICE.RUB	0.614	1110	8517
 0	135	PINU.BAN	0.838	788	5650
 0	135	PINU.RES	0.737	692	6016
 0	135	PINU.STR	0.737	557	4744
 0	135	POPU.TRE	0.893	749	4566
 0	135	QUER.RUB	0.651	920	9242
 0	135	THUJ.SPP.ALL	0.614	451	4073
 0	135	TSUG.CAN	0.523	389	4193
 0	136	ABIE.BAL	0.737	590	4891
 0	136	ACER.RUB	0.737	418	3492
 0	136	ACER.SAH	0.692	643	5326
 0	136	BETU.ALL	0.692	480	3562
 0	136	BETU.PAP	0.838	344	2118
 0	136	FAGU.GRA	0.692	488	6011
 0	136	LARI.LAR	0.838	202	1696
 0	136	PICE.GLA	0.692	572	6365
 0	136	PICE.MAR	0.614	466	5610
 0	136	PICE.RUB	0.614	1271	8181
 0	136	PINU.BAN	0.838	736	5520
 0	136	PINU.RES	0.737	659	5838
 0	136	PINU.STR	0.737	522	4685
 0	136	POPU.TRE	0.893	612	4394
 0	136	QUER.RUB	0.651	796	9022
 0	136	THUJ.SPP.ALL	0.614	411	3935
 0	136	TSUG.CAN	0.523	356	3981
 0	137	ABIE.BAL	0.737	726	5197
 0	137	ACER.RUB	0.786	496	3655
 0	137	ACER.SAH	0.692	658	5158
 0	137	BETU.ALL	0.692	556	3607
 0	137	BETU.PAP	0.838	414	2231
 0	137	FAGU.GRA	0.692	602	6025
 0	137	LARI.LAR	0.838	202	1900
 0	137	PICE.GLA	0.692	725	6794
 0	137	PICE.MAR	0.614	598	5989
 0	137	PICE.RUB	0.614	976	7754
 0	137	PINU.BAN	0.838	788	5703
 0	137	PINU.RES	0.737	735	6150
 0	137	PINU.STR	0.737	604	4746
 0	137	POPU.TRE	0.893	762	4637
 0	137	QUER.RUB	0.651	886	9028
 0	137	THUJ.SPP.ALL	0.614	493	4144
 0	137	TSUG.CAN	0.551	424	4240
 0	217	ABIE.BAL	0.737	761	5211
 0	217	ACER.RUB	0.737	394	3374
 0	217	ACER.SAH	0.692	558	5276
 0	217	BETU.ALL	0.692	461	3576
 0	217	BETU.PAP	0.838	362	2140
 0	217	FAGU.GRA	0.614	469	5753
 0	217	LARI.LAR	0.838	176	1669
 0	217	PICE.GLA	0.692	657	6812
 0	217	PICE.MAR	0.614	556	6025
 0	217	PICE.RUB	0.551	1083	7709
 0	217	PINU.BAN	0.838	748	5602
 0	217	PINU.RES	0.737	626	5856
 0	217	PINU.STR	0.737	493	4586
 0	217	POPU.TRE	0.838	752	4519
 0	217	QUER.RUB	0.614	794	8753
 0	217	THUJ.SPP.ALL	0.551	335	3756
 0	217	TSUG.CAN	0.498	314	3864
 0	218	ABIE.BAL	0.737	633	4905
 0	218	ACER.RUB	0.651	286	2950
 0	218	ACER.SAH	0.581	452	4430
 0	218	BETU.ALL	0.581	366	3268
 0	218	BETU.PAP	0.838	327	2080
 0	218	FAGU.GRA	0.523	307	5122
 0	218	LARI.LAR	0.838	201	1586
 0	218	PICE.GLA	0.692	592	6460
 0	218	PICE.MAR	0.614	541	5881
 0	218	PICE.RUB	0.498	1220	7536
 0	218	PINU.BAN	0.838	638	5374
 0	218	PINU.RES	0.651	526	5032
 0	218	PINU.STR	0.614	385	3898
 0	218	POPU.TRE	0.838	640	4427
 0	218	QUER.RUB	0.581	701	7147
 0	218	THUJ.SPP.ALL	0.498	298	3312
 0	218	TSUG.CAN	0.455	235	3298
 0	219	ABIE.BAL	0.737	566	4909
 0	219	ACER.RUB	0.651	444	2767
 0	219	ACER.SAH	0.581	512	4564
 0	219	BETU.ALL	0.581	364	3114
 0	219	BETU.PAP	0.838	312	2026
 0	219	FAGU.GRA	0.523	292	5010
 0	219	LARI.LAR	0.838	181	1589
 0	219	PICE.GLA	0.692	541	6267
 0	219	PICE.MAR	0.614	542	5787
 0	219	PICE.RUB	0.498	1159	7228
 0	219	PINU.BAN	0.838	604	5365
 0	219	PINU.RES	0.651	523	4791
 0	219	PINU.STR	0.614	354	3707
 0	219	POPU.TRE	0.838	632	4382
 0	219	QUER.RUB	0.581	601	7391
 0	219	THUJ.SPP.ALL	0.498	298	3151
 0	219	TSUG.CAN	0.435	233	3136
 0	220	ABIE.BAL	0.737	665	4877
 0	220	ACER.RUB	0.737	445	2853
 0	220	ACER.SAH	0.581	528	4800
 0	220	BETU.ALL	0.651	378	3320
 0	220	BETU.PAP	0.838	332	2064
 0	220	FAGU.GRA	0.581	316	5188
 0	220	LARI.LAR	0.838	164	1645
 0	220	PICE.GLA	0.692	564	6236
 0	220	PICE.MAR	0.614	543	5944
 0	220	PICE.RUB	0.498	1100	7588
 0	220	PINU.BAN	0.838	657	5387
 0	220	PINU.RES	0.651	515	5230
 0	220	PINU.STR	0.614	392	3972
 0	220	POPU.TRE	0.838	646	4399
 0	220	QUER.RUB	0.581	611	7484
 0	220	THUJ.SPP.ALL	0.498	292	3457
 0	220	TSUG.CAN	0.455	248	3406
 0	221	ABIE.BAL	0.737	775	5190
 0	221	ACER.RUB	0.737	406	3414
 0	221	ACER.SAH	0.692	564	5156
 0	221	BETU.ALL	0.692	462	3503
 0	221	BETU.PAP	0.838	384	2191
 0	221	FAGU.GRA	0.581	462	6131
 0	221	LARI.LAR	0.838	181	1828
 0	221	PICE.GLA	0.692	696	6700
 0	221	PICE.MAR	0.614	569	6191
 0	221	PICE.RUB	0.551	991	8554
 0	221	PINU.BAN	0.838	764	5622
 0	221	PINU.RES	0.737	617	5409
 0	221	PINU.STR	0.692	508	4530
 0	221	POPU.TRE	0.838	769	4548
 0	221	QUER.RUB	0.614	814	8579
 0	221	THUJ.SPP.ALL	0.551	354	3783
 0	221	TSUG.CAN	0.498	325	3835
 0	222	ABIE.BAL	0.692	576	4795
 0	222	ACER.RUB	0.173	392	2483
 0	222	ACER.SAH	0.476	306	3616
 0	222	BETU.ALL	0.359	195	2632
 0	222	BETU.PAP	0.786	274	1947
 0	222	FAGU.GRA	0.401	370	3582
 0	222	LARI.LAR	0.786	187	1474
 0	222	PICE.GLA	0.692	477	6096
 0	222	PICE.MAR	0.614	494	5693
 0	222	PICE.RUB	0.418	1106	6229
 0	222	PINU.BAN	0.786	498	5010
 0	222	PINU.RES	0.386	405	4720
 0	222	PINU.STR	0.386	316	3005
 0	222	POPU.TRE	0.838	588	4276
 0	222	QUER.RUB	0.455	640	6109
 0	222	THUJ.SPP.ALL	0.418	304	2726
 0	222	TSUG.CAN	0.347	181	2404
 0	223	ABIE.BAL	0.692	551	4660
 0	223	ACER.RUB	0.173	324	2453
 0	223	ACER.SAH	0.455	330	3485
 0	223	BETU.ALL	0.359	157	2562
 0	223	BETU.PAP	0.786	283	1908
 0	223	FAGU.GRA	0.401	363	3542
 0	223	LARI.LAR	0.786	170	1454
 0	223	PICE.GLA	0.692	487	6177
 0	223	PICE.MAR	0.614	565	5490
 0	223	PICE.RUB	0.418	1082	6232
 0	223	PINU.BAN	0.786	507	5099
 0	223	PINU.RES	0.386	361	4614
 0	223	PINU.STR	0.359	236	2877
 0	223	POPU.TRE	0.838	572	4196
 0	223	QUER.RUB	0.401	583	5582
 0	223	THUJ.SPP.ALL	0.418	298	2721
 0	223	TSUG.CAN	0.347	195	2752
 0	378	ABIE.BAL	0.786	630	4866
 0	378	ACER.RUB	0.838	535	3808
 0	378	ACER.SAH	0.737	652	5388
 0	378	BETU.ALL	0.737	570	3868
 0	378	BETU.PAP	0.893	390	2179
 0	378	FAGU.GRA	0.692	692	6371
 0	378	LARI.LAR	0.838	270	2042
 0	378	PICE.GLA	0.692	662	6714
 0	378	PICE.MAR	0.614	519	5753
 0	378	PICE.RUB	0.614	1026	8378
 0	378	PINU.BAN	0.838	780	5712
 0	378	PINU.RES	0.786	815	6464
 0	378	PINU.STR	0.786	650	5115
 0	378	POPU.TRE	0.838	722	4535
 0	378	QUER.RUB	0.692	1052	9703
 0	378	THUJ.SPP.ALL	0.614	612	4387
 0	378	TSUG.CAN	0.614	456	4290
 0	379	ABIE.BAL	0.786	736	5165
 0	379	ACER.RUB	0.838	571	3895
 0	379	ACER.SAH	0.737	718	5543
 0	379	BETU.ALL	0.737	622	3886
 0	379	BETU.PAP	0.893	410	2218
 0	379	FAGU.GRA	0.692	740	6871
 0	379	LARI.LAR	0.838	278	2109
 0	379	PICE.GLA	0.692	664	6861
 0	379	PICE.MAR	0.614	538	5973
 0	379	PICE.RUB	0.614	1094	8668
 0	379	PINU.BAN	0.838	790	5706
 0	379	PINU.RES	0.786	833	6209
 0	379	PINU.STR	0.786	666	5036
 0	379	POPU.TRE	0.838	750	4564
 0	379	QUER.RUB	0.737	1094	9890
 0	379	THUJ.SPP.ALL	0.614	619	4395
 0	379	TSUG.CAN	0.614	479	4604
 20	28	ABIE.BAL	0.737	605	4485
 20	28	ACER.RUB	0.838	600	3889
 20	28	ACER.SAH	0.786	647	5673
 20	28	BETU.ALL	0.737	586	4124
 20	28	BETU.PAP	0.838	364	2175
 20	28	FAGU.GRA	0.737	796	6603
 20	28	LARI.LAR	0.838	196	1615
 20	28	PICE.GLA	0.651	513	6136
 20	28	PICE.MAR	0.523	383	4767
 20	28	PICE.RUB	0.614	1099	7757
 20	28	PINU.BAN	0.838	682	5517
 20	28	PINU.RES	0.786	822	6528
 20	28	PINU.STR	0.838	644	5118
 20	28	POPU.TRE	0.838	588	4333
 20	28	QUER.RUB	0.786	1067	9956
 20	28	THUJ.SPP.ALL	0.614	560	4265
 20	28	TSUG.CAN	0.614	500	4570
 20	29	ABIE.BAL	0.737	740	4510
 20	29	ACER.RUB	0.838	570	3785
 20	29	ACER.SAH	0.786	620	5270
 20	29	BETU.ALL	0.737	536	3902
 20	29	BETU.PAP	0.893	333	2130
 20	29	FAGU.GRA	0.737	756	6673
 20	29	LARI.LAR	0.838	201	1600
 20	29	PICE.GLA	0.692	485	6225
 20	29	PICE.MAR	0.614	486	4619
 20	29	PICE.RUB	0.614	1835	8323
 20	29	PINU.BAN	0.838	668	5482
 20	29	PINU.RES	0.838	764	6342
 20	29	PINU.STR	0.838	621	5098
 20	29	POPU.TRE	0.838	581	4290
 20	29	QUER.RUB	0.786	937	9556
 20	29	THUJ.SPP.ALL	0.614	482	4164
 20	29	TSUG.CAN	0.651	454	4483
 20	130	ABIE.BAL	0.786	640	4781
 20	130	ACER.RUB	0.786	538	3820
 20	130	ACER.SAH	0.737	690	5422
 20	130	BETU.ALL	0.737	522	3959
 20	130	BETU.PAP	0.944	342	2109
 20	130	FAGU.GRA	0.692	688	6625
 20	130	LARI.LAR	0.893	220	1603
 20	130	PICE.GLA	0.692	540	6437
 20	130	PICE.MAR	0.614	613	5443
 20	130	PICE.RUB	0.651	1594	8148
 20	130	PINU.BAN	0.838	723	5624
 20	130	PINU.RES	0.786	780	6207
 20	130	PINU.STR	0.786	599	5108
 20	130	POPU.TRE	0.893	610	4406
 20	130	QUER.RUB	0.737	1058	9325
 20	130	THUJ.SPP.ALL	0.651	403	3922
 20	130	TSUG.CAN	0.614	437	4232
 20	131	ABIE.BAL	0.786	772	5058
 20	131	ACER.RUB	0.786	576	3814
 20	131	ACER.SAH	0.737	676	5588
 20	131	BETU.ALL	0.737	596	4046
 20	131	BETU.PAP	0.944	382	2206
 20	131	FAGU.GRA	0.692	722	6738
 20	131	LARI.LAR	0.893	224	1607
 20	131	PICE.GLA	0.692	643	6945
 20	131	PICE.MAR	0.614	586	5776
 20	131	PICE.RUB	0.614	1257	8210
 20	131	PINU.BAN	0.893	746	5651
 20	131	PINU.RES	0.786	828	6465
 20	131	PINU.STR	0.786	660	4954
 20	131	POPU.TRE	0.893	716	4497
 20	131	QUER.RUB	0.737	1210	9386
 20	131	THUJ.SPP.ALL	0.651	431	3878
 20	131	TSUG.CAN	0.614	467	4475
 20	132	ABIE.BAL	0.786	761	5175
 20	132	ACER.RUB	0.786	587	3840
 20	132	ACER.SAH	0.737	757	5578
 20	132	BETU.ALL	0.737	612	4016
 20	132	BETU.PAP	0.944	382	2241
 20	132	FAGU.GRA	0.692	720	6587
 20	132	LARI.LAR	0.893	219	1716
 20	132	PICE.GLA	0.692	630	6738
 20	132	PICE.MAR	0.614	544	6038
 20	132	PICE.RUB	0.614	1118	8641
 20	132	PINU.BAN	0.893	747	5655
 20	132	PINU.RES	0.786	844	6532
 20	132	PINU.STR	0.786	660	5012
 20	132	POPU.TRE	0.893	687	4550
 20	132	QUER.RUB	0.737	1270	9759
 20	132	THUJ.SPP.ALL	0.651	428	4047
 20	132	TSUG.CAN	0.614	492	4511
 20	133	ABIE.BAL	0.737	726	5119
 20	133	ACER.RUB	0.838	574	3851
 20	133	ACER.SAH	0.737	716	5404
 20	133	BETU.ALL	0.786	563	3876
 20	133	BETU.PAP	0.944	364	2231
 20	133	FAGU.GRA	0.737	698	6548
 20	133	LARI.LAR	0.893	192	1877
 20	133	PICE.GLA	0.692	547	6522
 20	133	PICE.MAR	0.614	527	5792
 20	133	PICE.RUB	0.651	1106	8804
 20	133	PINU.BAN	0.838	742	5593
 20	133	PINU.RES	0.786	820	6444
 20	133	PINU.STR	0.786	656	5159
 20	133	POPU.TRE	0.838	670	4464
 20	133	QUER.RUB	0.737	1264	9792
 20	133	THUJ.SPP.ALL	0.651	473	4103
 20	133	TSUG.CAN	0.614	488	4573
 20	134	ABIE.BAL	0.786	622	4909
 20	134	ACER.RUB	0.786	533	3760
 20	134	ACER.SAH	0.737	637	5311
 20	134	BETU.ALL	0.737	514	3907
 20	134	BETU.PAP	0.944	334	2160
 20	134	FAGU.GRA	0.692	694	6366
 20	134	LARI.LAR	0.893	229	1767
 20	134	PICE.GLA	0.692	536	6370
 20	134	PICE.MAR	0.614	539	5487
 20	134	PICE.RUB	0.614	1118	8546
 20	134	PINU.BAN	0.838	721	5609
 20	134	PINU.RES	0.786	782	6141
 20	134	PINU.STR	0.786	594	4991
 20	134	POPU.TRE	0.893	611	4432
 20	134	QUER.RUB	0.737	1115	9586
 20	134	THUJ.SPP.ALL	0.651	452	4128
 20	134	TSUG.CAN	0.614	432	4323
 20	135	ABIE.BAL	0.786	669	5072
 20	135	ACER.RUB	0.786	590	3796
 20	135	ACER.SAH	0.737	707	5528
 20	135	BETU.ALL	0.737	590	3981
 20	135	BETU.PAP	0.944	384	2263
 20	135	FAGU.GRA	0.692	722	6367
 20	135	LARI.LAR	0.893	223	1819
 20	135	PICE.GLA	0.692	664	6587
 20	135	PICE.MAR	0.614	583	5922
 20	135	PICE.RUB	0.614	1119	8604
 20	135	PINU.BAN	0.893	744	5701
 20	135	PINU.RES	0.786	829	6385
 20	135	PINU.STR	0.786	670	5148
 20	135	POPU.TRE	0.893	729	4540
 20	135	QUER.RUB	0.737	1158	9532
 20	135	THUJ.SPP.ALL	0.651	482	4208
 20	135	TSUG.CAN	0.614	475	4388
 20	136	ABIE.BAL	0.786	736	4585
 20	136	ACER.RUB	0.838	496	3663
 20	136	ACER.SAH	0.737	504	5161
 20	136	BETU.ALL	0.737	484	3607
 20	136	BETU.PAP	0.944	305	2144
 20	136	FAGU.GRA	0.692	686	6371
 20	136	LARI.LAR	0.893	234	1531
 20	136	PICE.GLA	0.692	526	6250
 20	136	PICE.MAR	0.614	525	5150
 20	136	PICE.RUB	0.614	1532	8210
 20	136	PINU.BAN	0.838	696	5562
 20	136	PINU.RES	0.786	755	6285
 20	136	PINU.STR	0.786	594	4986
 20	136	POPU.TRE	0.838	582	4270
 20	136	QUER.RUB	0.737	1059	8838
 20	136	THUJ.SPP.ALL	0.651	429	4032
 20	136	TSUG.CAN	0.614	426	4042
 20	137	ABIE.BAL	0.737	640	4930
 20	137	ACER.RUB	0.838	549	3860
 20	137	ACER.SAH	0.737	660	5289
 20	137	BETU.ALL	0.737	630	3907
 20	137	BETU.PAP	0.944	362	2218
 20	137	FAGU.GRA	0.737	767	6654
 20	137	LARI.LAR	0.893	230	1788
 20	137	PICE.GLA	0.692	646	6922
 20	137	PICE.MAR	0.614	518	5348
 20	137	PICE.RUB	0.651	1176	8345
 20	137	PINU.BAN	0.838	777	5705
 20	137	PINU.RES	0.786	856	6286
 20	137	PINU.STR	0.786	694	5302
 20	137	POPU.TRE	0.838	705	4499
 20	137	QUER.RUB	0.737	1188	9318
 20	137	THUJ.SPP.ALL	0.651	504	4393
 20	137	TSUG.CAN	0.614	514	4375
 20	217	ABIE.BAL	0.786	711	5083
 20	217	ACER.RUB	0.786	541	3736
 20	217	ACER.SAH	0.692	705	5384
 20	217	BETU.ALL	0.737	552	3847
 20	217	BETU.PAP	0.838	373	2160
 20	217	FAGU.GRA	0.692	664	6146
 20	217	LARI.LAR	0.838	181	1661
 20	217	PICE.GLA	0.692	643	6552
 20	217	PICE.MAR	0.614	576	5895
 20	217	PICE.RUB	0.614	1082	8376
 20	217	PINU.BAN	0.893	750	5668
 20	217	PINU.RES	0.786	769	6295
 20	217	PINU.STR	0.786	610	5064
 20	217	POPU.TRE	0.893	685	4573
 20	217	QUER.RUB	0.692	1026	9414
 20	217	THUJ.SPP.ALL	0.614	403	3978
 20	217	TSUG.CAN	0.581	453	4273
 20	218	ABIE.BAL	0.737	662	4852
 20	218	ACER.RUB	0.786	434	3527
 20	218	ACER.SAH	0.692	614	4983
 20	218	BETU.ALL	0.692	521	3617
 20	218	BETU.PAP	0.838	352	2145
 20	218	FAGU.GRA	0.614	582	6262
 20	218	LARI.LAR	0.838	214	1546
 20	218	PICE.GLA	0.737	571	6588
 20	218	PICE.MAR	0.651	562	5718
 20	218	PICE.RUB	0.581	1333	8162
 20	218	PINU.BAN	0.838	729	5522
 20	218	PINU.RES	0.737	664	5887
 20	218	PINU.STR	0.692	568	4747
 20	218	POPU.TRE	0.944	612	4418
 20	218	QUER.RUB	0.651	899	8603
 20	218	THUJ.SPP.ALL	0.614	331	3688
 20	218	TSUG.CAN	0.523	389	4031
 20	219	ABIE.BAL	0.737	683	4923
 20	219	ACER.RUB	0.786	430	3490
 20	219	ACER.SAH	0.692	572	5048
 20	219	BETU.ALL	0.692	501	3550
 20	219	BETU.PAP	0.838	338	2132
 20	219	FAGU.GRA	0.614	539	6069
 20	219	LARI.LAR	0.838	181	1646
 20	219	PICE.GLA	0.737	550	6426
 20	219	PICE.MAR	0.651	525	5861
 20	219	PICE.RUB	0.581	1150	8093
 20	219	PINU.BAN	0.838	701	5479
 20	219	PINU.RES	0.737	665	5784
 20	219	PINU.STR	0.692	548	4643
 20	219	POPU.TRE	0.944	605	4400
 20	219	QUER.RUB	0.651	914	9081
 20	219	THUJ.SPP.ALL	0.614	329	3615
 20	219	TSUG.CAN	0.523	366	3962
 20	220	ABIE.BAL	0.737	662	4926
 20	220	ACER.RUB	0.786	448	3568
 20	220	ACER.SAH	0.692	631	4903
 20	220	BETU.ALL	0.692	511	3526
 20	220	BETU.PAP	0.838	348	2120
 20	220	FAGU.GRA	0.651	574	6257
 20	220	LARI.LAR	0.838	211	1614
 20	220	PICE.GLA	0.737	545	6284
 20	220	PICE.MAR	0.651	571	5649
 20	220	PICE.RUB	0.614	1504	8153
 20	220	PINU.BAN	0.944	687	5495
 20	220	PINU.RES	0.737	714	6048
 20	220	PINU.STR	0.737	571	4624
 20	220	POPU.TRE	0.944	611	4413
 20	220	QUER.RUB	0.651	916	8926
 20	220	THUJ.SPP.ALL	0.614	369	3874
 20	220	TSUG.CAN	0.523	402	4172
 20	221	ABIE.BAL	0.786	704	5090
 20	221	ACER.RUB	0.786	564	3797
 20	221	ACER.SAH	0.692	778	5875
 20	221	BETU.ALL	0.737	571	3806
 20	221	BETU.PAP	0.838	383	2220
 20	221	FAGU.GRA	0.692	697	6418
 20	221	LARI.LAR	0.838	201	1772
 20	221	PICE.GLA	0.692	656	6879
 20	221	PICE.MAR	0.614	593	5921
 20	221	PICE.RUB	0.614	1025	8728
 20	221	PINU.BAN	0.893	746	5648
 20	221	PINU.RES	0.786	788	6120
 20	221	PINU.STR	0.786	626	4998
 20	221	POPU.TRE	0.893	707	4544
 20	221	QUER.RUB	0.692	1158	9568
 20	221	THUJ.SPP.ALL	0.614	452	3956
 20	221	TSUG.CAN	0.581	478	4409
 20	222	ABIE.BAL	0.737	687	4944
 20	222	ACER.RUB	0.692	389	3231
 20	222	ACER.SAH	0.614	560	4998
 20	222	BETU.ALL	0.614	446	3538
 20	222	BETU.PAP	0.838	338	2108
 20	222	FAGU.GRA	0.551	378	5820
 20	222	LARI.LAR	0.838	156	1613
 20	222	PICE.GLA	0.692	562	6551
 20	222	PICE.MAR	0.614	506	5946
 20	222	PICE.RUB	0.523	900	7809
 20	222	PINU.BAN	0.838	615	5468
 20	222	PINU.RES	0.692	629	5241
 20	222	PINU.STR	0.651	466	4207
 20	222	POPU.TRE	0.838	641	4374
 20	222	QUER.RUB	0.581	797	8498
 20	222	THUJ.SPP.ALL	0.523	289	3454
 20	222	TSUG.CAN	0.476	263	3672
 20	223	ABIE.BAL	0.737	662	4902
 20	223	ACER.RUB	0.692	415	3098
 20	223	ACER.SAH	0.614	494	4902
 20	223	BETU.ALL	0.614	432	3456
 20	223	BETU.PAP	0.838	342	2092
 20	223	FAGU.GRA	0.551	384	5951
 20	223	LARI.LAR	0.838	185	1570
 20	223	PICE.GLA	0.692	563	6400
 20	223	PICE.MAR	0.614	542	5754
 20	223	PICE.RUB	0.523	1014	7725
 20	223	PINU.BAN	0.838	629	5390
 20	223	PINU.RES	0.692	642	5282
 20	223	PINU.STR	0.651	468	4222
 20	223	POPU.TRE	0.838	637	4347
 20	223	QUER.RUB	0.581	624	8183
 20	223	THUJ.SPP.ALL	0.523	279	3496
 20	223	TSUG.CAN	0.476	266	3526
 20	378	ABIE.BAL	0.737	590	4155
 20	378	ACER.RUB	0.838	583	3720
 20	378	ACER.SAH	0.786	585	4709
 20	378	BETU.ALL	0.737	559	3825
 20	378	BETU.PAP	0.893	326	2159
 20	378	FAGU.GRA	0.737	777	6392
 20	378	LARI.LAR	0.838	231	1680
 20	378	PICE.GLA	0.692	489	6142
 20	378	PICE.MAR	0.581	396	4332
 20	378	PICE.RUB	0.614	1226	7360
 20	378	PINU.BAN	0.838	693	5545
 20	378	PINU.RES	0.838	792	6552
 20	378	PINU.STR	0.838	644	5120
 20	378	POPU.TRE	0.838	574	4379
 20	378	QUER.RUB	0.786	794	9147
 20	378	THUJ.SPP.ALL	0.614	604	4422
 20	378	TSUG.CAN	0.651	456	4154
 20	379	ABIE.BAL	0.737	562	4354
 20	379	ACER.RUB	0.838	620	3920
 20	379	ACER.SAH	0.786	718	5131
 20	379	BETU.ALL	0.737	579	3876
 20	379	BETU.PAP	0.893	356	2133
 20	379	FAGU.GRA	0.737	806	6761
 20	379	LARI.LAR	0.838	203	1782
 20	379	PICE.GLA	0.651	534	6091
 20	379	PICE.MAR	0.581	387	4624
 20	379	PICE.RUB	0.614	1008	7835
 20	379	PINU.BAN	0.838	704	5534
 20	379	PINU.RES	0.838	808	6314
 20	379	PINU.STR	0.838	666	5325
 20	379	POPU.TRE	0.838	618	4388
 20	379	QUER.RUB	0.786	972	9318
 20	379	THUJ.SPP.ALL	0.614	604	4263
 20	379	TSUG.CAN	0.651	480	4500
 50	28	ABIE.BAL	0.692	765	3714
 50	28	ACER.RUB	0.944	589	3824
 50	28	ACER.SAH	0.786	765	4851
 50	28	BETU.ALL	0.737	566	3560
 50	28	BETU.PAP	0.838	312	2047
 50	28	FAGU.GRA	0.786	745	7146
 50	28	LARI.LAR	0.786	270	1154
 50	28	PICE.GLA	0.551	419	4648
 50	28	PICE.MAR	0.435	311	3342
 50	28	PICE.RUB	0.614	2315	7668
 50	28	PINU.BAN	0.786	560	5252
 50	28	PINU.RES	0.786	714	6208
 50	28	PINU.STR	0.786	636	5249
 50	28	POPU.TRE	0.786	444	4063
 50	28	QUER.RUB	0.786	869	8974
 50	28	THUJ.SPP.ALL	0.614	475	4229
 50	28	TSUG.CAN	0.614	406	4333
 50	29	ABIE.BAL	0.692	975	3735
 50	29	ACER.RUB	0.944	545	3846
 50	29	ACER.SAH	0.692	772	4843
 50	29	BETU.ALL	0.737	504	3901
 50	29	BETU.PAP	0.838	308	1989
 50	29	FAGU.GRA	0.786	680	6570
 50	29	LARI.LAR	0.786	167	1161
 50	29	PICE.GLA	0.614	424	4717
 50	29	PICE.MAR	0.523	322	3575
 50	29	PICE.RUB	0.614	1685	7467
 50	29	PINU.BAN	0.786	568	5331
 50	29	PINU.RES	0.786	696	6330
 50	29	PINU.STR	0.838	579	5163
 50	29	POPU.TRE	0.786	439	3998
 50	29	QUER.RUB	0.737	741	8706
 50	29	THUJ.SPP.ALL	0.614	434	4014
 50	29	TSUG.CAN	0.614	380	4206
 50	130	ABIE.BAL	0.692	886	4411
 50	130	ACER.RUB	0.838	534	3730
 50	130	ACER.SAH	0.737	802	5497
 50	130	BETU.ALL	0.786	518	3623
 50	130	BETU.PAP	0.893	322	2104
 50	130	FAGU.GRA	0.737	663	6458
 50	130	LARI.LAR	0.838	226	1343
 50	130	PICE.GLA	0.692	474	5919
 50	130	PICE.MAR	0.614	594	4557
 50	130	PICE.RUB	0.614	1761	8074
 50	130	PINU.BAN	0.838	644	5496
 50	130	PINU.RES	0.786	759	6171
 50	130	PINU.STR	0.786	610	5059
 50	130	POPU.TRE	0.838	539	4232
 50	130	QUER.RUB	0.786	876	9106
 50	130	THUJ.SPP.ALL	0.614	397	4034
 50	130	TSUG.CAN	0.614	393	4311
 50	131	ABIE.BAL	0.692	1003	4606
 50	131	ACER.RUB	0.838	571	3779
 50	131	ACER.SAH	0.737	648	4957
 50	131	BETU.ALL	0.737	562	3860
 50	131	BETU.PAP	0.893	381	2110
 50	131	FAGU.GRA	0.737	772	6940
 50	131	LARI.LAR	0.838	273	1353
 50	131	PICE.GLA	0.692	542	6586
 50	131	PICE.MAR	0.614	521	4770
 50	131	PICE.RUB	0.581	1466	8481
 50	131	PINU.BAN	0.838	730	5616
 50	131	PINU.RES	0.838	796	6516
 50	131	PINU.STR	0.786	672	5316
 50	131	POPU.TRE	0.838	648	4421
 50	131	QUER.RUB	0.786	816	9515
 50	131	THUJ.SPP.ALL	0.614	410	3900
 50	131	TSUG.CAN	0.614	448	4444
 50	132	ABIE.BAL	0.737	626	4752
 50	132	ACER.RUB	0.838	620	3922
 50	132	ACER.SAH	0.737	718	5497
 50	132	BETU.ALL	0.786	568	3802
 50	132	BETU.PAP	0.893	378	2202
 50	132	FAGU.GRA	0.737	768	6544
 50	132	LARI.LAR	0.838	232	1574
 50	132	PICE.GLA	0.692	544	6442
 50	132	PICE.MAR	0.614	620	5139
 50	132	PICE.RUB	0.614	1483	8099
 50	132	PINU.BAN	0.838	730	5545
 50	132	PINU.RES	0.838	791	6489
 50	132	PINU.STR	0.786	676	5055
 50	132	POPU.TRE	0.838	680	4410
 50	132	QUER.RUB	0.692	1060	9673
 50	132	THUJ.SPP.ALL	0.614	427	3971
 50	132	TSUG.CAN	0.614	461	4631
 50	133	ABIE.BAL	0.737	637	4692
 50	133	ACER.RUB	0.838	609	3899
 50	133	ACER.SAH	0.737	693	5576
 50	133	BETU.ALL	0.786	540	3714
 50	133	BETU.PAP	0.893	365	2156
 50	133	FAGU.GRA	0.737	761	6739
 50	133	LARI.LAR	0.786	234	1709
 50	133	PICE.GLA	0.651	492	5924
 50	133	PICE.MAR	0.523	478	4869
 50	133	PICE.RUB	0.614	1335	8044
 50	133	PINU.BAN	0.838	664	5558
 50	133	PINU.RES	0.786	790	6372
 50	133	PINU.STR	0.786	657	4968
 50	133	POPU.TRE	0.838	608	4333
 50	133	QUER.RUB	0.786	1164	9694
 50	133	THUJ.SPP.ALL	0.614	464	4159
 50	133	TSUG.CAN	0.614	479	4543
 50	134	ABIE.BAL	0.737	740	4539
 50	134	ACER.RUB	0.838	566	3790
 50	134	ACER.SAH	0.737	690	5167
 50	134	BETU.ALL	0.786	514	3859
 50	134	BETU.PAP	0.893	338	2077
 50	134	FAGU.GRA	0.737	690	6916
 50	134	LARI.LAR	0.838	221	1558
 50	134	PICE.GLA	0.692	467	5943
 50	134	PICE.MAR	0.614	584	4714
 50	134	PICE.RUB	0.614	1674	8099
 50	134	PINU.BAN	0.838	670	5495
 50	134	PINU.RES	0.838	743	6323
 50	134	PINU.STR	0.786	612	5073
 50	134	POPU.TRE	0.838	589	4252
 50	134	QUER.RUB	0.786	1001	8828
 50	134	THUJ.SPP.ALL	0.614	446	3984
 50	134	TSUG.CAN	0.614	425	4426
 50	135	ABIE.BAL	0.692	583	4756
 50	135	ACER.RUB	0.838	623	3951
 50	135	ACER.SAH	0.737	749	5349
 50	135	BETU.ALL	0.786	569	4021
 50	135	BETU.PAP	0.893	391	2216
 50	135	FAGU.GRA	0.737	778	6557
 50	135	LARI.LAR	0.838	215	1690
 50	135	PICE.GLA	0.692	557	6344
 50	135	PICE.MAR	0.581	670	5224
 50	135	PICE.RUB	0.581	1152	8258
 50	135	PINU.BAN	0.838	746	5622
 50	135	PINU.RES	0.838	805	6427
 50	135	PINU.STR	0.786	681	5170
 50	135	POPU.TRE	0.838	686	4440
 50	135	QUER.RUB	0.786	954	9627
 50	135	THUJ.SPP.ALL	0.614	474	4172
 50	135	TSUG.CAN	0.614	461	4580
 50	136	ABIE.BAL	0.692	1170	4094
 50	136	ACER.RUB	0.838	508	3638
 50	136	ACER.SAH	0.737	609	4736
 50	136	BETU.ALL	0.786	490	3536
 50	136	BETU.PAP	0.893	302	2016
 50	136	FAGU.GRA	0.737	650	6800
 50	136	LARI.LAR	0.786	220	1235
 50	136	PICE.GLA	0.692	442	5567
 50	136	PICE.MAR	0.581	374	4092
 50	136	PICE.RUB	0.614	2408	7506
 50	136	PINU.BAN	0.838	604	5354
 50	136	PINU.RES	0.838	700	6218
 50	136	PINU.STR	0.786	570	5047
 50	136	POPU.TRE	0.838	449	4049
 50	136	QUER.RUB	0.692	761	9058
 50	136	THUJ.SPP.ALL	0.614	411	4026
 50	136	TSUG.CAN	0.614	373	4284
 50	137	ABIE.BAL	0.692	1138	4254
 50	137	ACER.RUB	0.838	619	3851
 50	137	ACER.SAH	0.737	610	4903
 50	137	BETU.ALL	0.786	580	3670
 50	137	BETU.PAP	0.893	383	2096
 50	137	FAGU.GRA	0.737	783	6732
 50	137	LARI.LAR	0.838	254	1360
 50	137	PICE.GLA	0.692	540	5881
 50	137	PICE.MAR	0.581	434	4367
 50	137	PICE.RUB	0.614	1696	7646
 50	137	PINU.BAN	0.838	708	5495
 50	137	PINU.RES	0.786	824	6236
 50	137	PINU.STR	0.786	677	5129
 50	137	POPU.TRE	0.838	659	4334
 50	137	QUER.RUB	0.786	795	8931
 50	137	THUJ.SPP.ALL	0.614	475	4175
 50	137	TSUG.CAN	0.614	433	4616
 50	217	ABIE.BAL	0.692	704	4709
 50	217	ACER.RUB	0.838	574	3830
 50	217	ACER.SAH	0.737	684	5346
 50	217	BETU.ALL	0.737	582	3920
 50	217	BETU.PAP	0.944	374	2154
 50	217	FAGU.GRA	0.692	765	6657
 50	217	LARI.LAR	0.786	240	1496
 50	217	PICE.GLA	0.692	549	6484
 50	217	PICE.MAR	0.614	584	5301
 50	217	PICE.RUB	0.614	1421	8205
 50	217	PINU.BAN	0.838	742	5618
 50	217	PINU.RES	0.786	806	6137
 50	217	PINU.STR	0.786	660	5111
 50	217	POPU.TRE	0.838	654	4389
 50	217	QUER.RUB	0.786	970	9247
 50	217	THUJ.SPP.ALL	0.651	403	3900
 50	217	TSUG.CAN	0.614	448	4300
 50	218	ABIE.BAL	0.786	708	4656
 50	218	ACER.RUB	0.786	510	3589
 50	218	ACER.SAH	0.692	606	5338
 50	218	BETU.ALL	0.737	520	3682
 50	218	BETU.PAP	0.893	356	2106
 50	218	FAGU.GRA	0.692	672	6292
 50	218	LARI.LAR	0.786	178	1475
 50	218	PICE.GLA	0.692	520	6280
 50	218	PICE.MAR	0.614	661	5048
 50	218	PICE.RUB	0.581	1522	8202
 50	218	PINU.BAN	0.893	680	5529
 50	218	PINU.RES	0.786	748	6325
 50	218	PINU.STR	0.786	586	4904
 50	218	POPU.TRE	0.893	613	4338
 50	218	QUER.RUB	0.737	779	9453
 50	218	THUJ.SPP.ALL	0.614	352	3862
 50	218	TSUG.CAN	0.581	426	4558
 50	219	ABIE.BAL	0.786	626	4862
 50	219	ACER.RUB	0.786	484	3683
 50	219	ACER.SAH	0.692	730	5464
 50	219	BETU.ALL	0.737	520	3664
 50	219	BETU.PAP	0.893	328	2102
 50	219	FAGU.GRA	0.692	634	6735
 50	219	LARI.LAR	0.786	213	1552
 50	219	PICE.GLA	0.692	528	6230
 50	219	PICE.MAR	0.581	493	5347
 50	219	PICE.RUB	0.614	1254	8210
 50	219	PINU.BAN	0.893	670	5488
 50	219	PINU.RES	0.786	732	6169
 50	219	PINU.STR	0.786	575	4871
 50	219	POPU.TRE	0.893	607	4289
 50	219	QUER.RUB	0.737	842	9246
 50	219	THUJ.SPP.ALL	0.614	349	3952
 50	219	TSUG.CAN	0.581	426	4250
 50	220	ABIE.BAL	0.786	704	4738
 50	220	ACER.RUB	0.838	487	3566
 50	220	ACER.SAH	0.651	653	5259
 50	220	BETU.ALL	0.737	535	3892
 50	220	BETU.PAP	0.944	326	2082
 50	220	FAGU.GRA	0.692	648	6715
 50	220	LARI.LAR	0.838	222	1500
 50	220	PICE.GLA	0.692	517	6310
 50	220	PICE.MAR	0.614	566	5056
 50	220	PICE.RUB	0.614	1672	8027
 50	220	PINU.BAN	0.838	717	5503
 50	220	PINU.RES	0.786	767	6332
 50	220	PINU.STR	0.786	586	5037
 50	220	POPU.TRE	0.893	605	4297
 50	220	QUER.RUB	0.737	802	9532
 50	220	THUJ.SPP.ALL	0.614	394	3924
 50	220	TSUG.CAN	0.614	408	4343
 50	221	ABIE.BAL	0.786	683	4724
 50	221	ACER.RUB	0.838	594	3836
 50	221	ACER.SAH	0.692	682	5492
 50	221	BETU.ALL	0.737	611	3915
 50	221	BETU.PAP	0.944	388	2154
 50	221	FAGU.GRA	0.692	776	6854
 50	221	LARI.LAR	0.838	212	1574
 50	221	PICE.GLA	0.692	568	6382
 50	221	PICE.MAR	0.614	662	5212
 50	221	PICE.RUB	0.614	1453	8184
 50	221	PINU.BAN	0.838	762	5594
 50	221	PINU.RES	0.786	839	6218
 50	221	PINU.STR	0.786	675	5134
 50	221	POPU.TRE	0.838	679	4382
 50	221	QUER.RUB	0.692	953	9640
 50	221	THUJ.SPP.ALL	0.651	436	4008
 50	221	TSUG.CAN	0.614	472	4408
 50	222	ABIE.BAL	0.737	644	4966
 50	222	ACER.RUB	0.737	448	3588
 50	222	ACER.SAH	0.692	591	5208
 50	222	BETU.ALL	0.692	512	3681
 50	222	BETU.PAP	0.838	352	2164
 50	222	FAGU.GRA	0.692	539	6285
 50	222	LARI.LAR	0.838	191	1558
 50	222	PICE.GLA	0.692	526	6353
 50	222	PICE.MAR	0.614	558	5577
 50	222	PICE.RUB	0.581	1181	8252
 50	222	PINU.BAN	0.893	644	5462
 50	222	PINU.RES	0.786	664	5892
 50	222	PINU.STR	0.737	564	4882
 50	222	POPU.TRE	0.893	639	4374
 50	222	QUER.RUB	0.651	834	9322
 50	222	THUJ.SPP.ALL	0.614	325	3712
 50	222	TSUG.CAN	0.581	391	3982
 50	223	ABIE.BAL	0.737	662	4934
 50	223	ACER.RUB	0.737	452	3528
 50	223	ACER.SAH	0.692	591	4986
 50	223	BETU.ALL	0.692	521	3814
 50	223	BETU.PAP	0.838	341	2151
 50	223	FAGU.GRA	0.692	547	6124
 50	223	LARI.LAR	0.838	184	1521
 50	223	PICE.GLA	0.692	537	6522
 50	223	PICE.MAR	0.651	541	5650
 50	223	PICE.RUB	0.551	996	8209
 50	223	PINU.BAN	0.838	683	5442
 50	223	PINU.RES	0.737	676	5972
 50	223	PINU.STR	0.737	564	4751
 50	223	POPU.TRE	0.893	611	4336
 50	223	QUER.RUB	0.651	874	9372
 50	223	THUJ.SPP.ALL	0.581	330	3720
 50	223	TSUG.CAN	0.581	394	3985
 50	378	ABIE.BAL	0.692	743	3468
 50	378	ACER.RUB	0.944	532	3744
 50	378	ACER.SAH	0.692	504	4379
 50	378	BETU.ALL	0.737	544	3615
 50	378	BETU.PAP	0.838	318	1978
 50	378	FAGU.GRA	0.786	727	7019
 50	378	LARI.LAR	0.786	306	1236
 50	378	PICE.GLA	0.614	419	4840
 50	378	PICE.MAR	0.523	359	3168
 50	378	PICE.RUB	0.581	1526	7048
 50	378	PINU.BAN	0.786	579	5370
 50	378	PINU.RES	0.786	725	6296
 50	378	PINU.STR	0.838	626	4969
 50	378	POPU.TRE	0.786	450	3879
 50	378	QUER.RUB	0.737	721	8372
 50	378	THUJ.SPP.ALL	0.614	510	4232
 50	378	TSUG.CAN	0.614	386	4258
 50	379	ABIE.BAL	0.692	829	3625
 50	379	ACER.RUB	0.944	558	3711
 50	379	ACER.SAH	0.692	731	5097
 50	379	BETU.ALL	0.737	570	3939
 50	379	BETU.PAP	0.838	336	2064
 50	379	FAGU.GRA	0.786	749	6641
 50	379	LARI.LAR	0.786	280	1310
 50	379	PICE.GLA	0.581	413	4900
 50	379	PICE.MAR	0.498	322	3398
 50	379	PICE.RUB	0.581	2158	7431
 50	379	PINU.BAN	0.786	595	5395
 50	379	PINU.RES	0.786	755	6173
 50	379	PINU.STR	0.838	630	4991
 50	379	POPU.TRE	0.786	499	4001
 50	379	QUER.RUB	0.786	774	8823
 50	379	THUJ.SPP.ALL	0.614	515	4280
 50	379	TSUG.CAN	0.614	409	4552
 80	28	ABIE.BAL	0.581	662	3351
 80	28	ACER.RUB	0.944	579	3851
 80	28	ACER.SAH	0.737	762	5229
 80	28	BETU.ALL	0.737	594	3613
 80	28	BETU.PAP	0.786	302	1974
 80	28	FAGU.GRA	0.786	748	6594
 80	28	LARI.LAR	0.651	142	943
 80	28	PICE.GLA	0.476	230	3698
 80	28	PICE.MAR	0.347	208	2623
 80	28	PICE.RUB	0.551	1274	7172
 80	28	PINU.BAN	0.786	516	5103
 80	28	PINU.RES	0.737	697	5967
 80	28	PINU.STR	0.786	634	4887
 80	28	POPU.TRE	0.786	412	3853
 80	28	QUER.RUB	0.838	784	9569
 80	28	THUJ.SPP.ALL	0.581	456	4050
 80	28	TSUG.CAN	0.614	410	4396
 80	29	ABIE.BAL	0.651	733	3504
 80	29	ACER.RUB	0.944	546	3668
 80	29	ACER.SAH	0.737	557	5064
 80	29	BETU.ALL	0.737	546	3676
 80	29	BETU.PAP	0.786	314	1931
 80	29	FAGU.GRA	0.786	710	6402
 80	29	LARI.LAR	0.692	148	963
 80	29	PICE.GLA	0.523	307	4102
 80	29	PICE.MAR	0.435	282	2971
 80	29	PICE.RUB	0.614	1326	7243
 80	29	PINU.BAN	0.786	515	5063
 80	29	PINU.RES	0.786	681	6092
 80	29	PINU.STR	0.786	599	4963
 80	29	POPU.TRE	0.786	398	3825
 80	29	QUER.RUB	0.838	859	9091
 80	29	THUJ.SPP.ALL	0.614	423	3942
 80	29	TSUG.CAN	0.614	379	4406
 80	130	ABIE.BAL	0.737	640	4279
 80	130	ACER.RUB	0.893	542	3802
 80	130	ACER.SAH	0.786	652	5273
 80	130	BETU.ALL	0.737	534	3860
 80	130	BETU.PAP	0.838	341	2079
 80	130	FAGU.GRA	0.737	706	6512
 80	130	LARI.LAR	0.786	188	1313
 80	130	PICE.GLA	0.614	386	5470
 80	130	PICE.MAR	0.523	458	4329
 80	130	PICE.RUB	0.614	996	7732
 80	130	PINU.BAN	0.838	606	5430
 80	130	PINU.RES	0.786	752	6144
 80	130	PINU.STR	0.838	588	4985
 80	130	POPU.TRE	0.838	571	4120
 80	130	QUER.RUB	0.786	1064	9553
 80	130	THUJ.SPP.ALL	0.614	382	3747
 80	130	TSUG.CAN	0.614	406	4645
 80	131	ABIE.BAL	0.737	587	4389
 80	131	ACER.RUB	0.893	613	3939
 80	131	ACER.SAH	0.786	638	5062
 80	131	BETU.ALL	0.737	628	3773
 80	131	BETU.PAP	0.838	374	2103
 80	131	FAGU.GRA	0.737	798	6719
 80	131	LARI.LAR	0.786	204	1342
 80	131	PICE.GLA	0.651	484	5921
 80	131	PICE.MAR	0.523	579	4536
 80	131	PICE.RUB	0.614	1646	8161
 80	131	PINU.BAN	0.838	714	5562
 80	131	PINU.RES	0.786	827	6445
 80	131	PINU.STR	0.838	662	5083
 80	131	POPU.TRE	0.838	610	4326
 80	131	QUER.RUB	0.786	1056	9874
 80	131	THUJ.SPP.ALL	0.614	400	3962
 80	131	TSUG.CAN	0.614	468	4474
 80	132	ABIE.BAL	0.737	551	4717
 80	132	ACER.RUB	0.893	629	3892
 80	132	ACER.SAH	0.786	764	5432
 80	132	BETU.ALL	0.737	657	3882
 80	132	BETU.PAP	0.838	395	2167
 80	132	FAGU.GRA	0.737	790	6588
 80	132	LARI.LAR	0.786	200	1511
 80	132	PICE.GLA	0.614	491	6017
 80	132	PICE.MAR	0.523	518	4838
 80	132	PICE.RUB	0.614	1012	7942
 80	132	PINU.BAN	0.838	708	5500
 80	132	PINU.RES	0.786	824	6256
 80	132	PINU.STR	0.838	654	5080
 80	132	POPU.TRE	0.838	664	4335
 80	132	QUER.RUB	0.786	1463	9950
 80	132	THUJ.SPP.ALL	0.614	413	4003
 80	132	TSUG.CAN	0.614	472	4405
 80	133	ABIE.BAL	0.692	541	4557
 80	133	ACER.RUB	0.944	590	3931
 80	133	ACER.SAH	0.786	667	5503
 80	133	BETU.ALL	0.737	572	3825
 80	133	BETU.PAP	0.838	356	2140
 80	133	FAGU.GRA	0.786	744	6612
 80	133	LARI.LAR	0.737	193	1559
 80	133	PICE.GLA	0.614	398	5870
 80	133	PICE.MAR	0.498	499	4542
 80	133	PICE.RUB	0.614	1338	8180
 80	133	PINU.BAN	0.786	636	5466
 80	133	PINU.RES	0.786	784	6351
 80	133	PINU.STR	0.786	645	5281
 80	133	POPU.TRE	0.786	622	4254
 80	133	QUER.RUB	0.786	1315	9694
 80	133	THUJ.SPP.ALL	0.614	454	4113
 80	133	TSUG.CAN	0.614	466	4514
 80	134	ABIE.BAL	0.737	647	4574
 80	134	ACER.RUB	0.893	549	3846
 80	134	ACER.SAH	0.786	728	5232
 80	134	BETU.ALL	0.737	556	3626
 80	134	BETU.PAP	0.838	355	2077
 80	134	FAGU.GRA	0.737	695	6591
 80	134	LARI.LAR	0.786	169	1533
 80	134	PICE.GLA	0.614	408	5846
 80	134	PICE.MAR	0.523	476	4532
 80	134	PICE.RUB	0.614	1062	8168
 80	134	PINU.BAN	0.838	614	5470
 80	134	PINU.RES	0.786	772	6206
 80	134	PINU.STR	0.838	592	4999
 80	134	POPU.TRE	0.838	574	4195
 80	134	QUER.RUB	0.786	1000	9848
 80	134	THUJ.SPP.ALL	0.614	431	4121
 80	134	TSUG.CAN	0.614	432	4400
 80	135	ABIE.BAL	0.737	573	4674
 80	135	ACER.RUB	0.893	614	3872
 80	135	ACER.SAH	0.786	730	6018
 80	135	BETU.ALL	0.737	662	3759
 80	135	BETU.PAP	0.838	404	2180
 80	135	FAGU.GRA	0.737	792	6640
 80	135	LARI.LAR	0.786	199	1629
 80	135	PICE.GLA	0.651	487	6007
 80	135	PICE.MAR	0.498	572	5032
 80	135	PICE.RUB	0.614	1188	8150
 80	135	PINU.BAN	0.838	721	5490
 80	135	PINU.RES	0.838	806	6344
 80	135	PINU.STR	0.838	656	5106
 80	135	POPU.TRE	0.838	668	4312
 80	135	QUER.RUB	0.786	1197	10303
 80	135	THUJ.SPP.ALL	0.614	472	4093
 80	135	TSUG.CAN	0.614	491	4558
 80	136	ABIE.BAL	0.737	790	3938
 80	136	ACER.RUB	0.893	527	3675
 80	136	ACER.SAH	0.786	559	4735
 80	136	BETU.ALL	0.737	509	3732
 80	136	BETU.PAP	0.838	333	2006
 80	136	FAGU.GRA	0.737	676	6870
 80	136	LARI.LAR	0.786	165	1190
 80	136	PICE.GLA	0.614	390	5243
 80	136	PICE.MAR	0.523	416	3829
 80	136	PICE.RUB	0.614	1484	7314
 80	136	PINU.BAN	0.838	598	5367
 80	136	PINU.RES	0.786	721	6165
 80	136	PINU.STR	0.786	591	4789
 80	136	POPU.TRE	0.838	470	3998
 80	136	QUER.RUB	0.786	744	9287
 80	136	THUJ.SPP.ALL	0.614	401	3978
 80	136	TSUG.CAN	0.614	380	4104
 80	137	ABIE.BAL	0.737	761	4222
 80	137	ACER.RUB	0.893	636	3828
 80	137	ACER.SAH	0.786	706	5066
 80	137	BETU.ALL	0.737	652	3774
 80	137	BETU.PAP	0.838	368	2121
 80	137	FAGU.GRA	0.737	822	6518
 80	137	LARI.LAR	0.786	216	1357
 80	137	PICE.GLA	0.614	431	6072
 80	137	PICE.MAR	0.523	502	4100
 80	137	PICE.RUB	0.614	1486	7745
 80	137	PINU.BAN	0.838	698	5397
 80	137	PINU.RES	0.786	824	6497
 80	137	PINU.STR	0.786	693	5144
 80	137	POPU.TRE	0.786	592	4130
 80	137	QUER.RUB	0.786	993	9381
 80	137	THUJ.SPP.ALL	0.614	471	4263
 80	137	TSUG.CAN	0.614	455	4488
 80	217	ABIE.BAL	0.737	555	4852
 80	217	ACER.RUB	0.893	597	3887
 80	217	ACER.SAH	0.737	734	5411
 80	217	BETU.ALL	0.786	577	3934
 80	217	BETU.PAP	0.893	374	2168
 80	217	FAGU.GRA	0.737	775	6571
 80	217	LARI.LAR	0.838	228	1502
 80	217	PICE.GLA	0.692	517	6085
 80	217	PICE.MAR	0.581	501	5129
 80	217	PICE.RUB	0.614	1274	8848
 80	217	PINU.BAN	0.838	720	5526
 80	217	PINU.RES	0.893	788	6318
 80	217	PINU.STR	0.838	648	5093
 80	217	POPU.TRE	0.838	669	4306
 80	217	QUER.RUB	0.786	1165	9624
 80	217	THUJ.SPP.ALL	0.614	403	3894
 80	217	TSUG.CAN	0.614	467	4522
 80	218	ABIE.BAL	0.786	619	4816
 80	218	ACER.RUB	0.838	508	3833
 80	218	ACER.SAH	0.737	631	4925
 80	218	BETU.ALL	0.737	576	3711
 80	218	BETU.PAP	0.893	338	2118
 80	218	FAGU.GRA	0.737	653	6708
 80	218	LARI.LAR	0.838	224	1482
 80	218	PICE.GLA	0.692	538	6467
 80	218	PICE.MAR	0.614	462	5318
 80	218	PICE.RUB	0.614	1040	8320
 80	218	PINU.BAN	0.838	702	5489
 80	218	PINU.RES	0.786	766	6200
 80	218	PINU.STR	0.786	619	5140
 80	218	POPU.TRE	0.838	662	4316
 80	218	QUER.RUB	0.737	936	9560
 80	218	THUJ.SPP.ALL	0.614	357	3785
 80	218	TSUG.CAN	0.614	441	4603
 80	219	ABIE.BAL	0.786	590	4862
 80	219	ACER.RUB	0.838	525	3678
 80	219	ACER.SAH	0.737	698	5152
 80	219	BETU.ALL	0.737	550	3876
 80	219	BETU.PAP	0.893	347	2148
 80	219	FAGU.GRA	0.737	646	6342
 80	219	LARI.LAR	0.838	177	1583
 80	219	PICE.GLA	0.692	502	6073
 80	219	PICE.MAR	0.614	468	5412
 80	219	PICE.RUB	0.614	1045	8132
 80	219	PINU.BAN	0.838	681	5475
 80	219	PINU.RES	0.786	756	6158
 80	219	PINU.STR	0.786	579	5006
 80	219	POPU.TRE	0.838	640	4298
 80	219	QUER.RUB	0.737	1018	10200
 80	219	THUJ.SPP.ALL	0.614	352	3950
 80	219	TSUG.CAN	0.614	437	4364
 80	220	ABIE.BAL	0.737	583	4745
 80	220	ACER.RUB	0.838	538	3800
 80	220	ACER.SAH	0.737	674	5184
 80	220	BETU.ALL	0.786	536	3572
 80	220	BETU.PAP	0.893	348	2100
 80	220	FAGU.GRA	0.737	664	6636
 80	220	LARI.LAR	0.838	191	1587
 80	220	PICE.GLA	0.692	481	6505
 80	220	PICE.MAR	0.614	480	5139
 80	220	PICE.RUB	0.614	1107	7983
 80	220	PINU.BAN	0.838	697	5513
 80	220	PINU.RES	0.786	791	6192
 80	220	PINU.STR	0.786	597	4874
 80	220	POPU.TRE	0.838	647	4342
 80	220	QUER.RUB	0.786	1076	9169
 80	220	THUJ.SPP.ALL	0.614	399	3909
 80	220	TSUG.CAN	0.614	441	4530
 80	221	ABIE.BAL	0.737	601	4809
 80	221	ACER.RUB	0.893	612	3907
 80	221	ACER.SAH	0.737	821	5716
 80	221	BETU.ALL	0.786	611	3834
 80	221	BETU.PAP	0.893	390	2214
 80	221	FAGU.GRA	0.737	794	6819
 80	221	LARI.LAR	0.838	182	1597
 80	221	PICE.GLA	0.692	546	5980
 80	221	PICE.MAR	0.581	497	5092
 80	221	PICE.RUB	0.614	1187	8408
 80	221	PINU.BAN	0.838	746	5537
 80	221	PINU.RES	0.893	802	6461
 80	221	PINU.STR	0.838	660	5295
 80	221	POPU.TRE	0.838	696	4461
 80	221	QUER.RUB	0.786	1385	9524
 80	221	THUJ.SPP.ALL	0.614	431	4090
 80	221	TSUG.CAN	0.614	480	4483
 80	222	ABIE.BAL	0.786	605	4934
 80	222	ACER.RUB	0.786	486	3642
 80	222	ACER.SAH	0.737	584	5443
 80	222	BETU.ALL	0.737	520	3694
 80	222	BETU.PAP	0.893	340	2090
 80	222	FAGU.GRA	0.692	609	6125
 80	222	LARI.LAR	0.838	215	1568
 80	222	PICE.GLA	0.692	526	6174
 80	222	PICE.MAR	0.614	499	5693
 80	222	PICE.RUB	0.614	1025	8334
 80	222	PINU.BAN	0.893	649	5461
 80	222	PINU.RES	0.786	698	6136
 80	222	PINU.STR	0.786	556	5052
 80	222	POPU.TRE	0.893	620	4386
 80	222	QUER.RUB	0.737	1039	9315
 80	222	THUJ.SPP.ALL	0.614	342	3757
 80	222	TSUG.CAN	0.581	436	4449
 80	223	ABIE.BAL	0.786	622	4866
 80	223	ACER.RUB	0.786	484	3698
 80	223	ACER.SAH	0.692	715	5120
 80	223	BETU.ALL	0.737	508	3662
 80	223	BETU.PAP	0.893	344	2076
 80	223	FAGU.GRA	0.692	611	6272
 80	223	LARI.LAR	0.838	160	1557
 80	223	PICE.GLA	0.692	547	6356
 80	223	PICE.MAR	0.614	519	5566
 80	223	PICE.RUB	0.614	1070	8157
 80	223	PINU.BAN	0.893	661	5356
 80	223	PINU.RES	0.786	700	6018
 80	223	PINU.STR	0.786	556	4981
 80	223	POPU.TRE	0.893	622	4373
 80	223	QUER.RUB	0.737	890	9530
 80	223	THUJ.SPP.ALL	0.614	339	3698
 80	223	TSUG.CAN	0.581	438	4156
 80	378	ABIE.BAL	0.651	523	3045
 80	378	ACER.RUB	0.944	570	3784
 80	378	ACER.SAH	0.737	484	4677
 80	378	BETU.ALL	0.737	552	3644
 80	378	BETU.PAP	0.786	315	1951
 80	378	FAGU.GRA	0.786	757	6794
 80	378	LARI.LAR	0.692	141	1008
 80	378	PICE.GLA	0.498	235	3893
 80	378	PICE.MAR	0.418	208	2622
 80	378	PICE.RUB	0.614	1877	7208
 80	378	PINU.BAN	0.786	519	5160
 80	378	PINU.RES	0.786	686	6192
 80	378	PINU.STR	0.786	638	4967
 80	378	POPU.TRE	0.786	418	3882
 80	378	QUER.RUB	0.838	824	8896
 80	378	THUJ.SPP.ALL	0.614	474	4331
 80	378	TSUG.CAN	0.614	377	4330
 80	379	ABIE.BAL	0.651	754	3290
 80	379	ACER.RUB	0.944	610	3888
 80	379	ACER.SAH	0.737	502	4804
 80	379	BETU.ALL	0.737	528	3634
 80	379	BETU.PAP	0.786	322	2007
 80	379	FAGU.GRA	0.786	783	6751
 80	379	LARI.LAR	0.692	184	1171
 80	379	PICE.GLA	0.498	243	4170
 80	379	PICE.MAR	0.386	225	2807
 80	379	PICE.RUB	0.581	1658	7422
 80	379	PINU.BAN	0.786	536	5258
 80	379	PINU.RES	0.786	701	6104
 80	379	PINU.STR	0.786	670	5219
 80	379	POPU.TRE	0.786	440	3944
 80	379	QUER.RUB	0.838	1023	9283
 80	379	THUJ.SPP.ALL	0.614	485	4201
 80	379	TSUG.CAN	0.614	408	4490
 
