LandisData "Dynamic Input Data"

>>	year	landtype	species	probEst	maxANPP	maxB
0	18	ABIE.BAL	0.125	926	7028
0	18	ACER.RUB	0.167	898	5783
0	18	ACER.SAH	0.125	1059	8377
0	18	BETU.ALL	0.143	877	5864
0	18	BETU.PAP	0.25	562	3277
0	18	FAGU.GRA	0.125	1089	9729
0	18	LARI.LAR	0.167	409	3108
0	18	PICE.GLA	0.111	851	9662
0	18	PICE.MAR	0.091	736	8476
0	18	PICE.RUB	0.1	1750	12891
0	18	PINU.BAN	0.167	1119	8277
0	18	PINU.RES	0.143	1230	9572
0	18	PINU.STR	0.143	993	7573
0	18	POPU.TRE	0.167	1054	6645
0	18	QUER.RUB	0.143	1803	14602
0	18	THUJ.SPP.ALL	0.1	866	6359
0	18	TSUG.CAN	0.091	748	6713
0	19	ABIE.BAL	0.143	1009	7041
0	19	ACER.RUB	0.167	873	5710
0	19	ACER.SAH	0.125	1102	8116
0	19	BETU.ALL	0.125	934	5705
0	19	BETU.PAP	0.25	571	3301
0	19	FAGU.GRA	0.125	1044	10076
0	19	LARI.LAR	0.167	395	2993
0	19	PICE.GLA	0.111	926	9661
0	19	PICE.MAR	0.091	817	8800
0	19	PICE.RUB	0.091	1699	12785
0	19	PINU.BAN	0.167	1136	8411
0	19	PINU.RES	0.143	1234	9549
0	19	PINU.STR	0.143	1003	7378
0	19	POPU.TRE	0.167	1077	6724
0	19	QUER.RUB	0.125	1712	14358
0	19	THUJ.SPP.ALL	0.1	884	6417
0	19	TSUG.CAN	0.091	743	6665
0	20	ABIE.BAL	0.143	787	6660
0	20	ACER.RUB	0.167	805	5717
0	20	ACER.SAH	0.125	834	7868
0	20	BETU.ALL	0.125	826	5747
0	20	BETU.PAP	0.25	524	3152
0	20	FAGU.GRA	0.125	987	9574
0	20	LARI.LAR	0.167	347	2951
0	20	PICE.GLA	0.111	827	9698
0	20	PICE.MAR	0.091	769	8291
0	20	PICE.RUB	0.091	2302	11917
0	20	PINU.BAN	0.167	1084	8284
0	20	PINU.RES	0.143	1178	9400
0	20	PINU.STR	0.143	893	7620
0	20	POPU.TRE	0.167	965	6450
0	20	QUER.RUB	0.125	1414	14178
0	20	THUJ.SPP.ALL	0.1	839	6359
0	20	TSUG.CAN	0.091	639	6520
0	21	ABIE.BAL	0.143	876	6859
0	21	ACER.RUB	0.167	815	5585
0	21	ACER.SAH	0.125	1028	8021
0	21	BETU.ALL	0.125	836	5705
0	21	BETU.PAP	0.25	515	3201
0	21	FAGU.GRA	0.125	1003	9660
0	21	LARI.LAR	0.167	353	2974
0	21	PICE.GLA	0.111	787	9427
0	21	PICE.MAR	0.091	775	8387
0	21	PICE.RUB	0.091	2451	12209
0	21	PINU.BAN	0.167	1067	8193
0	21	PINU.RES	0.143	1177	9352
0	21	PINU.STR	0.143	873	7661
0	21	POPU.TRE	0.167	932	6441
0	21	QUER.RUB	0.143	1547	14474
0	21	THUJ.SPP.ALL	0.1	767	6339
0	21	TSUG.CAN	0.091	656	6558
0	69	ABIE.BAL	0.125	1072	7348
0	69	ACER.RUB	0.143	751	5497
0	69	ACER.SAH	0.111	1031	8895
0	69	BETU.ALL	0.125	812	5809
0	69	BETU.PAP	0.167	610	3329
0	69	FAGU.GRA	0.111	955	9260
0	69	LARI.LAR	0.2	344	2991
0	69	PICE.GLA	0.125	999	10016
0	69	PICE.MAR	0.1	921	8980
0	69	PICE.RUB	0.091	1678	12916
0	69	PINU.BAN	0.2	1132	8379
0	69	PINU.RES	0.143	1140	9332
0	69	PINU.STR	0.143	895	7166
0	69	POPU.TRE	0.25	1079	6853
0	69	QUER.RUB	0.125	1604	14072
0	69	THUJ.SPP.ALL	0.091	853	6401
0	69	TSUG.CAN	0.077	679	6384
0	70	ABIE.BAL	0.125	847	7021
0	70	ACER.RUB	0.143	656	5386
0	70	ACER.SAH	0.111	940	8392
0	70	BETU.ALL	0.125	721	5532
0	70	BETU.PAP	0.167	532	3242
0	70	FAGU.GRA	0.111	827	9275
0	70	LARI.LAR	0.167	326	2924
0	70	PICE.GLA	0.125	842	9545
0	70	PICE.MAR	0.1	836	8818
0	70	PICE.RUB	0.091	1681	12148
0	70	PINU.BAN	0.2	1068	8252
0	70	PINU.RES	0.143	1012	9173
0	70	PINU.STR	0.143	798	7523
0	70	POPU.TRE	0.25	957	6610
0	70	QUER.RUB	0.111	1408	13472
0	70	THUJ.SPP.ALL	0.091	733	6111
0	70	TSUG.CAN	0.077	604	6087
0	71	ABIE.BAL	0.143	929	6786
0	71	ACER.RUB	0.167	745	5461
0	71	ACER.SAH	0.125	976	8113
0	71	BETU.ALL	0.125	800	5742
0	71	BETU.PAP	0.2	527	3143
0	71	FAGU.GRA	0.111	961	9467
0	71	LARI.LAR	0.2	370	2822
0	71	PICE.GLA	0.111	839	9811
0	71	PICE.MAR	0.091	754	8795
0	71	PICE.RUB	0.091	1862	12865
0	71	PINU.BAN	0.167	1071	8258
0	71	PINU.RES	0.143	1114	9362
0	71	PINU.STR	0.143	868	7721
0	71	POPU.TRE	0.25	913	6491
0	71	QUER.RUB	0.125	1486	13943
0	71	THUJ.SPP.ALL	0.091	769	6356
0	71	TSUG.CAN	0.091	632	6321
0	72	ABIE.BAL	0.143	1048	7325
0	72	ACER.RUB	0.143	796	5564
0	72	ACER.SAH	0.125	1171	8481
0	72	BETU.ALL	0.125	856	5866
0	72	BETU.PAP	0.2	611	3350
0	72	FAGU.GRA	0.111	1016	9663
0	72	LARI.LAR	0.2	358	2928
0	72	PICE.GLA	0.125	1004	10118
0	72	PICE.MAR	0.091	905	9125
0	72	PICE.RUB	0.091	1759	12903
0	72	PINU.BAN	0.2	1140	8510
0	72	PINU.RES	0.143	1213	9571
0	72	PINU.STR	0.143	944	7541
0	72	POPU.TRE	0.25	1110	6806
0	72	QUER.RUB	0.125	1704	14316
0	72	THUJ.SPP.ALL	0.091	870	6547
0	72	TSUG.CAN	0.091	680	6658
20	18	ABIE.BAL	0.111	1224	5582
20	18	ACER.RUB	0.25	840	5569
20	18	ACER.SAH	0.111	938	8171
20	18	BETU.ALL	0.125	797	5574
20	18	BETU.PAP	0.167	482	3032
20	18	FAGU.GRA	0.143	1071	9791
20	18	LARI.LAR	0.143	325	2309
20	18	PICE.GLA	0.083	574	7467
20	18	PICE.MAR	0.067	559	5754
20	18	PICE.RUB	0.083	2411	11314
20	18	PINU.BAN	0.167	846	7843
20	18	PINU.RES	0.143	1113	9109
20	18	PINU.STR	0.143	940	7382
20	18	POPU.TRE	0.167	726	6071
20	18	QUER.RUB	0.167	1303	14369
20	18	THUJ.SPP.ALL	0.091	757	6268
20	18	TSUG.CAN	0.091	653	6522
20	19	ABIE.BAL	0.1	1237	5840
20	19	ACER.RUB	0.25	826	5758
20	19	ACER.SAH	0.125	969	7953
20	19	BETU.ALL	0.125	859	5546
20	19	BETU.PAP	0.167	508	3107
20	19	FAGU.GRA	0.143	1092	9989
20	19	LARI.LAR	0.125	392	2303
20	19	PICE.GLA	0.1	670	8360
20	19	PICE.MAR	0.077	854	6199
20	19	PICE.RUB	0.091	2489	11624
20	19	PINU.BAN	0.167	929	8131
20	19	PINU.RES	0.143	1166	9184
20	19	PINU.STR	0.143	970	7639
20	19	POPU.TRE	0.167	805	6368
20	19	QUER.RUB	0.125	1295	13930
20	19	THUJ.SPP.ALL	0.091	802	6188
20	19	TSUG.CAN	0.091	655	6638
20	20	ABIE.BAL	0.1	1280	5622
20	20	ACER.RUB	0.25	745	5574
20	20	ACER.SAH	0.111	988	7577
20	20	BETU.ALL	0.125	695	5432
20	20	BETU.PAP	0.167	445	3095
20	20	FAGU.GRA	0.143	1000	9415
20	20	LARI.LAR	0.125	394	2266
20	20	PICE.GLA	0.1	671	7493
20	20	PICE.MAR	0.077	636	5851
20	20	PICE.RUB	0.083	2480	11620
20	20	PINU.BAN	0.167	848	8000
20	20	PINU.RES	0.143	1087	9188
20	20	PINU.STR	0.143	897	7515
20	20	POPU.TRE	0.167	758	6013
20	20	QUER.RUB	0.125	1073	13623
20	20	THUJ.SPP.ALL	0.091	753	6304
20	20	TSUG.CAN	0.091	600	6433
20	21	ABIE.BAL	0.1	1167	5586
20	21	ACER.RUB	0.25	713	5397
20	21	ACER.SAH	0.125	906	7982
20	21	BETU.ALL	0.125	715	5147
20	21	BETU.PAP	0.167	481	3032
20	21	FAGU.GRA	0.143	971	9766
20	21	LARI.LAR	0.167	357	2162
20	21	PICE.GLA	0.1	626	7396
20	21	PICE.MAR	0.067	560	5809
20	21	PICE.RUB	0.083	3017	11593
20	21	PINU.BAN	0.167	818	7813
20	21	PINU.RES	0.143	1037	9138
20	21	PINU.STR	0.143	852	7502
20	21	POPU.TRE	0.167	685	5970
20	21	QUER.RUB	0.143	1153	14446
20	21	THUJ.SPP.ALL	0.091	718	6118
20	21	TSUG.CAN	0.091	598	6428
20	69	ABIE.BAL	0.111	866	6637
20	69	ACER.RUB	0.167	877	5735
20	69	ACER.SAH	0.125	1070	8229
20	69	BETU.ALL	0.143	827	5838
20	69	BETU.PAP	0.167	565	3190
20	69	FAGU.GRA	0.125	1155	9743
20	69	LARI.LAR	0.167	422	2581
20	69	PICE.GLA	0.111	821	9616
20	69	PICE.MAR	0.091	902	7409
20	69	PICE.RUB	0.083	2044	11744
20	69	PINU.BAN	0.167	1087	8057
20	69	PINU.RES	0.2	1185	9635
20	69	PINU.STR	0.167	970	7822
20	69	POPU.TRE	0.167	1009	6468
20	69	QUER.RUB	0.125	1519	14421
20	69	THUJ.SPP.ALL	0.091	841	6244
20	69	TSUG.CAN	0.1	676	6646
20	70	ABIE.BAL	0.125	906	6376
20	70	ACER.RUB	0.143	839	5611
20	70	ACER.SAH	0.125	845	7424
20	70	BETU.ALL	0.143	729	5486
20	70	BETU.PAP	0.167	507	3124
20	70	FAGU.GRA	0.125	1009	9647
20	70	LARI.LAR	0.167	392	2599
20	70	PICE.GLA	0.111	728	8778
20	70	PICE.MAR	0.091	843	7495
20	70	PICE.RUB	0.091	2333	12149
20	70	PINU.BAN	0.167	1005	8045
20	70	PINU.RES	0.143	1156	9113
20	70	PINU.STR	0.143	901	7324
20	70	POPU.TRE	0.167	919	6293
20	70	QUER.RUB	0.125	1562	14457
20	70	THUJ.SPP.ALL	0.091	731	6356
20	70	TSUG.CAN	0.091	638	6539
20	71	ABIE.BAL	0.111	1382	6088
20	71	ACER.RUB	0.2	728	5469
20	71	ACER.SAH	0.125	1016	7856
20	71	BETU.ALL	0.125	715	5475
20	71	BETU.PAP	0.167	454	3062
20	71	FAGU.GRA	0.125	1033	9910
20	71	LARI.LAR	0.143	409	2318
20	71	PICE.GLA	0.111	644	8614
20	71	PICE.MAR	0.071	665	6568
20	71	PICE.RUB	0.091	3139	11557
20	71	PINU.BAN	0.167	917	8020
20	71	PINU.RES	0.143	1130	9315
20	71	PINU.STR	0.167	839	7635
20	71	POPU.TRE	0.167	752	6205
20	71	QUER.RUB	0.111	1386	14090
20	71	THUJ.SPP.ALL	0.091	727	6173
20	71	TSUG.CAN	0.091	608	6444
20	72	ABIE.BAL	0.125	807	6518
20	72	ACER.RUB	0.167	875	5743
20	72	ACER.SAH	0.125	923	8039
20	72	BETU.ALL	0.125	874	5882
20	72	BETU.PAP	0.167	578	3269
20	72	FAGU.GRA	0.125	1181	10007
20	72	LARI.LAR	0.167	339	2614
20	72	PICE.GLA	0.111	810	9411
20	72	PICE.MAR	0.077	823	7269
20	72	PICE.RUB	0.083	2090	12346
20	72	PINU.BAN	0.167	1075	8237
20	72	PINU.RES	0.167	1220	9721
20	72	PINU.STR	0.167	955	7791
20	72	POPU.TRE	0.167	977	6520
20	72	QUER.RUB	0.125	1513	14381
20	72	THUJ.SPP.ALL	0.091	836	6382
20	72	TSUG.CAN	0.1	695	6544
50	18	ABIE.BAL	0.025	542	2705
50	18	ACER.RUB	0.25	755	5442
50	18	ACER.SAH	0.111	1285	7141
50	18	BETU.ALL	0.125	667	5197
50	18	BETU.PAP	0.143	310	2474
50	18	FAGU.GRA	0.143	1029	10109
50	18	LARI.LAR	0	0	0
50	18	PICE.GLA	0	0	0
50	18	PICE.MAR	0	0	0
50	18	PICE.RUB	0.067	1454	9165
50	18	PINU.BAN	0.143	797	6608
50	18	PINU.RES	0.125	997	8060
50	18	PINU.STR	0.143	792	7016
50	18	POPU.TRE	0.143	725	4660
50	18	QUER.RUB	0.143	1234	13253
50	18	THUJ.SPP.ALL	0.071	713	5398
50	18	TSUG.CAN	0.091	598	5871
50	19	ABIE.BAL	0.077	605	3370
50	19	ACER.RUB	0.25	744	5564
50	19	ACER.SAH	0.111	1118	7037
50	19	BETU.ALL	0.125	701	5017
50	19	BETU.PAP	0.143	325	2642
50	19	FAGU.GRA	0.143	1028	10020
50	19	LARI.LAR	0.059	110	882
50	19	PICE.GLA	0	0	0
50	19	PICE.MAR	0	0	0
50	19	PICE.RUB	0.071	1397	9597
50	19	PINU.BAN	0.143	797	6876
50	19	PINU.RES	0.143	871	8424
50	19	PINU.STR	0.143	845	7344
50	19	POPU.TRE	0.143	677	5110
50	19	QUER.RUB	0.143	1434	12674
50	19	THUJ.SPP.ALL	0.083	697	5903
50	19	TSUG.CAN	0.091	567	6304
50	20	ABIE.BAL	0.077	764	3165
50	20	ACER.RUB	0.25	663	5351
50	20	ACER.SAH	0.111	1057	5812
50	20	BETU.ALL	0.125	644	5244
50	20	BETU.PAP	0.143	304	2539
50	20	FAGU.GRA	0.143	934	9640
50	20	LARI.LAR	0.028	117	786
50	20	PICE.GLA	0	0	0
50	20	PICE.MAR	0	0	0
50	20	PICE.RUB	0.071	1606	9395
50	20	PINU.BAN	0.143	794	6902
50	20	PINU.RES	0.143	848	8355
50	20	PINU.STR	0.143	746	7273
50	20	POPU.TRE	0.143	721	4772
50	20	QUER.RUB	0.167	1690	11019
50	20	THUJ.SPP.ALL	0.083	679	5722
50	20	TSUG.CAN	0.091	557	6017
50	21	ABIE.BAL	0.059	688	2785
50	21	ACER.RUB	0.25	714	5143
50	21	ACER.SAH	0.111	807	6448
50	21	BETU.ALL	0.125	659	5051
50	21	BETU.PAP	0.143	309	2412
50	21	FAGU.GRA	0.143	890	9539
50	21	LARI.LAR	0.026	80	506
50	21	PICE.GLA	0	0	0
50	21	PICE.MAR	0	0	0
50	21	PICE.RUB	0.067	1248	9196
50	21	PINU.BAN	0.143	857	6541
50	21	PINU.RES	0.125	880	7906
50	21	PINU.STR	0.143	715	7256
50	21	POPU.TRE	0.143	684	4647
50	21	QUER.RUB	0.143	1428	12210
50	21	THUJ.SPP.ALL	0.071	701	5613
50	21	TSUG.CAN	0.091	568	5840
50	69	ABIE.BAL	0.111	767	5007
50	69	ACER.RUB	0.25	839	5627
50	69	ACER.SAH	0.111	1471	7669
50	69	BETU.ALL	0.125	830	5851
50	69	BETU.PAP	0.167	462	2960
50	69	FAGU.GRA	0.143	1095	9813
50	69	LARI.LAR	0.143	270	1699
50	69	PICE.GLA	0.091	650	6656
50	69	PICE.MAR	0.062	459	4800
50	69	PICE.RUB	0.083	2032	11239
50	69	PINU.BAN	0.167	762	7778
50	69	PINU.RES	0.143	1034	9174
50	69	PINU.STR	0.143	979	7312
50	69	POPU.TRE	0.167	640	5903
50	69	QUER.RUB	0.125	1294	13454
50	69	THUJ.SPP.ALL	0.091	709	5909
50	69	TSUG.CAN	0.091	611	6245
50	70	ABIE.BAL	0.125	1151	5123
50	70	ACER.RUB	0.167	755	5492
50	70	ACER.SAH	0.143	1084	7293
50	70	BETU.ALL	0.125	747	5186
50	70	BETU.PAP	0.2	407	2880
50	70	FAGU.GRA	0.125	976	9341
50	70	LARI.LAR	0.143	307	1814
50	70	PICE.GLA	0.091	677	6566
50	70	PICE.MAR	0.059	506	5118
50	70	PICE.RUB	0.091	2763	10679
50	70	PINU.BAN	0.167	685	7676
50	70	PINU.RES	0.143	973	8819
50	70	PINU.STR	0.143	832	7183
50	70	POPU.TRE	0.167	572	5705
50	70	QUER.RUB	0.125	1256	13729
50	70	THUJ.SPP.ALL	0.091	662	5987
50	70	TSUG.CAN	0.091	530	6059
50	71	ABIE.BAL	0.091	737	3836
50	71	ACER.RUB	0.25	725	5303
50	71	ACER.SAH	0.111	931	6543
50	71	BETU.ALL	0.125	659	5177
50	71	BETU.PAP	0.167	326	2720
50	71	FAGU.GRA	0.143	891	10210
50	71	LARI.LAR	0.125	176	1183
50	71	PICE.GLA	0.026	301	3771
50	71	PICE.MAR	0	0	0
50	71	PICE.RUB	0.077	1831	9851
50	71	PINU.BAN	0.143	751	7264
50	71	PINU.RES	0.143	858	8612
50	71	PINU.STR	0.143	770	7218
50	71	POPU.TRE	0.143	722	5254
50	71	QUER.RUB	0.143	1275	12017
50	71	THUJ.SPP.ALL	0.091	663	5827
50	71	TSUG.CAN	0.091	532	5993
50	72	ABIE.BAL	0.1	886	4785
50	72	ACER.RUB	0.25	842	5665
50	72	ACER.SAH	0.111	1383	7184
50	72	BETU.ALL	0.125	840	5615
50	72	BETU.PAP	0.167	439	2943
50	72	FAGU.GRA	0.143	1104	9642
50	72	LARI.LAR	0.125	244	1510
50	72	PICE.GLA	0.077	319	6451
50	72	PICE.MAR	0.029	534	4585
50	72	PICE.RUB	0.091	3218	10778
50	72	PINU.BAN	0.143	745	7572
50	72	PINU.RES	0.143	932	9125
50	72	PINU.STR	0.143	958	7623
50	72	POPU.TRE	0.143	691	5735
50	72	QUER.RUB	0.125	1456	13416
50	72	THUJ.SPP.ALL	0.091	683	5984
50	72	TSUG.CAN	0.091	610	6798
80	18	ABIE.BAL	0	0	0
80	18	ACER.RUB	0.167	605	5032
80	18	ACER.SAH	0.091	660	3329
80	18	BETU.ALL	0.111	406	4679
80	18	BETU.PAP	0	0	0
80	18	FAGU.GRA	0.125	841	9432
80	18	LARI.LAR	0	0	0
80	18	PICE.GLA	0	0	0
80	18	PICE.MAR	0	0	0
80	18	PICE.RUB	0	0	0
80	18	PINU.BAN	0	0	0
80	18	PINU.RES	0.1	398	5377
80	18	PINU.STR	0.125	559	6199
80	18	POPU.TRE	0	0	0
80	18	QUER.RUB	0.091	2656	8669
80	18	THUJ.SPP.ALL	0	0	0
80	18	TSUG.CAN	0.083	546	4870
80	19	ABIE.BAL	0	0	0
80	19	ACER.RUB	0.167	599	5078
80	19	ACER.SAH	0.091	647	3373
80	19	BETU.ALL	0.111	443	4865
80	19	BETU.PAP	0	0	0
80	19	FAGU.GRA	0.125	889	9921
80	19	LARI.LAR	0	0	0
80	19	PICE.GLA	0	0	0
80	19	PICE.MAR	0	0	0
80	19	PICE.RUB	0	0	0
80	19	PINU.BAN	0.091	356	3164
80	19	PINU.RES	0.111	420	5419
80	19	PINU.STR	0.125	565	6446
80	19	POPU.TRE	0	0	0
80	19	QUER.RUB	0.111	1129	7220
80	19	THUJ.SPP.ALL	0.045	432	3691
80	19	TSUG.CAN	0.083	511	5088
80	20	ABIE.BAL	0	0	0
80	20	ACER.RUB	0.167	481	4853
80	20	ACER.SAH	0.083	1110	3242
80	20	BETU.ALL	0.111	380	4572
80	20	BETU.PAP	0	0	0
80	20	FAGU.GRA	0.125	809	9682
80	20	LARI.LAR	0	0	0
80	20	PICE.GLA	0	0	0
80	20	PICE.MAR	0	0	0
80	20	PICE.RUB	0	0	0
80	20	PINU.BAN	0.091	361	3303
80	20	PINU.RES	0.111	418	5731
80	20	PINU.STR	0.125	527	6443
80	20	POPU.TRE	0	0	0
80	20	QUER.RUB	0.077	1732	8168
80	20	THUJ.SPP.ALL	0.045	425	3724
80	20	TSUG.CAN	0.083	539	4874
80	21	ABIE.BAL	0	0	0
80	21	ACER.RUB	0.167	533	4883
80	21	ACER.SAH	0.083	1078	3603
80	21	BETU.ALL	0.111	372	4637
80	21	BETU.PAP	0	0	0
80	21	FAGU.GRA	0.125	781	9573
80	21	LARI.LAR	0	0	0
80	21	PICE.GLA	0	0	0
80	21	PICE.MAR	0	0	0
80	21	PICE.RUB	0	0	0
80	21	PINU.BAN	0.025	164	1985
80	21	PINU.RES	0.111	344	4914
80	21	PINU.STR	0.125	547	6071
80	21	POPU.TRE	0	0	0
80	21	QUER.RUB	0.111	2163	8585
80	21	THUJ.SPP.ALL	0.022	309	3594
80	21	TSUG.CAN	0.083	488	4481
80	69	ABIE.BAL	0	0	0
80	69	ACER.RUB	0.25	698	5364
80	69	ACER.SAH	0.125	2185	5048
80	69	BETU.ALL	0.125	556	5050
80	69	BETU.PAP	0.143	319	2052
80	69	FAGU.GRA	0.125	994	9760
80	69	LARI.LAR	0	0	0
80	69	PICE.GLA	0	0	0
80	69	PICE.MAR	0	0	0
80	69	PICE.RUB	0.062	1335	9577
80	69	PINU.BAN	0.125	733	5686
80	69	PINU.RES	0.125	872	7569
80	69	PINU.STR	0.143	711	7267
80	69	POPU.TRE	0.125	829	3278
80	69	QUER.RUB	0.143	6199	10231
80	69	THUJ.SPP.ALL	0.071	652	5069
80	69	TSUG.CAN	0.091	542	5636
80	70	ABIE.BAL	0	0	0
80	70	ACER.RUB	0.25	626	5251
80	70	ACER.SAH	0.125	3029	4979
80	70	BETU.ALL	0.125	562	5051
80	70	BETU.PAP	0.143	283	2014
80	70	FAGU.GRA	0.125	911	9646
80	70	LARI.LAR	0	0	0
80	70	PICE.GLA	0	0	0
80	70	PICE.MAR	0	0	0
80	70	PICE.RUB	0.059	1389	10572
80	70	PINU.BAN	0.125	763	5881
80	70	PINU.RES	0.125	934	7528
80	70	PINU.STR	0.143	646	6919
80	70	POPU.TRE	0.125	781	3433
80	70	QUER.RUB	0.143	3383	9942
80	70	THUJ.SPP.ALL	0.071	658	5050
80	70	TSUG.CAN	0.091	545	5381
80	71	ABIE.BAL	0	0	0
80	71	ACER.RUB	0.167	526	5116
80	71	ACER.SAH	0.111	1029	3226
80	71	BETU.ALL	0.111	400	4508
80	71	BETU.PAP	0.125	167	1242
80	71	FAGU.GRA	0.125	785	9700
80	71	LARI.LAR	0	0	0
80	71	PICE.GLA	0	0	0
80	71	PICE.MAR	0	0	0
80	71	PICE.RUB	0.031	629	6155
80	71	PINU.BAN	0.125	672	4283
80	71	PINU.RES	0.125	766	6460
80	71	PINU.STR	0.125	560	6553
80	71	POPU.TRE	0	0	0
80	71	QUER.RUB	0.111	1430	9356
80	71	THUJ.SPP.ALL	0.059	406	4382
80	71	TSUG.CAN	0.091	520	5031
80	72	ABIE.BAL	0	0	0
80	72	ACER.RUB	0.167	668	5296
80	72	ACER.SAH	0.1	2953	4319
80	72	BETU.ALL	0.111	565	4934
80	72	BETU.PAP	0.125	230	1814
80	72	FAGU.GRA	0.125	981	9844
80	72	LARI.LAR	0	0	0
80	72	PICE.GLA	0	0	0
80	72	PICE.MAR	0	0	0
80	72	PICE.RUB	0.034	998	9029
80	72	PINU.BAN	0.125	762	5116
80	72	PINU.RES	0.125	916	7256
80	72	PINU.STR	0.125	677	6888
80	72	POPU.TRE	0.1	347	2697
80	72	QUER.RUB	0.143	3520	8948
80	72	THUJ.SPP.ALL	0.067	608	4716
80	72	TSUG.CAN	0.091	513	5539

