LandisData "Dynamic Input Data"
>>yearlandtypespeciesprobEstmaxANPPmaxB
0	8	ABIE.BAL	0.737	516	4006
0	8	ACER.RUB	0.838	1036	6322
0	8	ACER.SAH	0.786	1176	8808
0	8	BETU.ALL	0.786	939	6142
0	8	BETU.PAP	0.838	641	3491
0	8	FAGU.GRA	0.737	1285	10336
0	8	LARI.LAR	0.838	385	3090
0	8	PICE.GLA	0.651	882	10062
0	8	PICE.MAR	0.551	741	8320
0	8	PICE.RUB	0.614	1935	13290
0	8	PINU.BAN	0.838	1184	8955
0	8	PINU.RES	0.838	1318	10241
0	8	PINU.STR	0.838	1055	8236
0	8	POPU.TRE	0.838	1088	7054
0	8	QUER.RUB	0.786	1850	15791
0	8	THUJ.SPP.ALL	0.614	987	6909
0	8	TSUG.CAN	0.614	827	7256
0	9	ABIE.BAL	0.737	622	3824
0	9	ACER.RUB	0.838	988	6265
0	9	ACER.SAH	0.737	951	8662
0	9	BETU.ALL	0.786	881	6275
0	9	BETU.PAP	0.838	605	3408
0	9	FAGU.GRA	0.737	1284	10609
0	9	LARI.LAR	0.838	414	2941
0	9	PICE.GLA	0.651	863	9978
0	9	PICE.MAR	0.581	701	7815
0	9	PICE.RUB	0.614	1878	13078
0	9	PINU.BAN	0.838	1139	8869
0	9	PINU.RES	0.838	1274	10257
0	9	PINU.STR	0.838	1039	8424
0	9	POPU.TRE	0.838	1017	6875
0	9	QUER.RUB	0.786	1595	15316
0	9	THUJ.SPP.ALL	0.614	962	6938
0	9	TSUG.CAN	0.614	764	7047
0	16	ABIE.BAL	0.737	501	4071
0	16	ACER.RUB	0.838	954	6122
0	16	ACER.SAH	0.737	1197	9061
0	16	BETU.ALL	0.737	971	6303
0	16	BETU.PAP	0.944	591	3489
0	16	FAGU.GRA	0.737	1191	10656
0	16	LARI.LAR	0.838	316	2899
0	16	PICE.GLA	0.692	982	10286
0	16	PICE.MAR	0.614	864	8546
0	16	PICE.RUB	0.614	1758	13300
0	16	PINU.BAN	0.838	1213	9035
0	16	PINU.RES	0.786	1354	10203
0	16	PINU.STR	0.786	1076	7966
0	16	POPU.TRE	0.838	1110	7209
0	16	QUER.RUB	0.786	1525	15594
0	16	THUJ.SPP.ALL	0.651	919	7071
0	16	TSUG.CAN	0.614	792	7220
0	17	ABIE.BAL	0.737	490	4060
0	17	ACER.RUB	0.838	999	6300
0	17	ACER.SAH	0.737	1300	9012
0	17	BETU.ALL	0.786	946	6533
0	17	BETU.PAP	0.944	606	3558
0	17	FAGU.GRA	0.737	1273	10593
0	17	LARI.LAR	0.838	347	2952
0	17	PICE.GLA	0.692	940	10373
0	17	PICE.MAR	0.581	853	8222
0	17	PICE.RUB	0.651	2006	13712
0	17	PINU.BAN	0.838	1221	9007
0	17	PINU.RES	0.838	1323	10306
0	17	PINU.STR	0.838	1051	8499
0	17	POPU.TRE	0.838	1168	7105
0	17	QUER.RUB	0.786	1776	15895
0	17	THUJ.SPP.ALL	0.651	944	7076
0	17	TSUG.CAN	0.614	822	7478
0	58	ABIE.BAL	0.786	562	4085
0	58	ACER.RUB	0.838	863	6020
0	58	ACER.SAH	0.737	942	8318
0	58	BETU.ALL	0.737	856	6153
0	58	BETU.PAP	0.893	581	3465
0	58	FAGU.GRA	0.737	1065	10887
0	58	LARI.LAR	0.838	336	2771
0	58	PICE.GLA	0.692	905	10163
0	58	PICE.MAR	0.614	791	8751
0	58	PICE.RUB	0.614	2311	13660
0	58	PINU.BAN	0.838	1183	8913
0	58	PINU.RES	0.786	1267	10337
0	58	PINU.STR	0.786	984	8025
0	58	POPU.TRE	0.838	1013	7006
0	58	QUER.RUB	0.737	1451	15244
0	58	THUJ.SPP.ALL	0.614	768	6713
0	58	TSUG.CAN	0.614	708	6881
0	59	ABIE.BAL	0.737	499	4150
0	59	ACER.RUB	0.838	986	6288
0	59	ACER.SAH	0.737	1085	8727
0	59	BETU.ALL	0.737	1028	6279
0	59	BETU.PAP	0.944	607	3479
0	59	FAGU.GRA	0.737	1194	10292
0	59	LARI.LAR	0.838	322	2918
0	59	PICE.GLA	0.692	996	10456
0	59	PICE.MAR	0.614	848	8857
0	59	PICE.RUB	0.614	1959	13037
0	59	PINU.BAN	0.838	1219	9041
0	59	PINU.RES	0.786	1343	10281
0	59	PINU.STR	0.786	1088	8406
0	59	POPU.TRE	0.838	1194	7135
0	59	QUER.RUB	0.786	1741	15511
0	59	THUJ.SPP.ALL	0.651	873	6831
0	59	TSUG.CAN	0.614	821	6967
0	65	ABIE.BAL	0.737	497	4131
0	65	ACER.RUB	0.737	663	5728
0	65	ACER.SAH	0.692	925	8102
0	65	BETU.ALL	0.692	732	5715
0	65	BETU.PAP	0.838	526	3368
0	65	FAGU.GRA	0.692	768	9747
0	65	LARI.LAR	0.838	257	2677
0	65	PICE.GLA	0.692	838	10333
0	65	PICE.MAR	0.614	948	8990
0	65	PICE.RUB	0.614	2150	13485
0	65	PINU.BAN	0.893	1054	8976
0	65	PINU.RES	0.737	1045	9585
0	65	PINU.STR	0.737	827	7431
0	65	POPU.TRE	0.893	932	7036
0	65	QUER.RUB	0.651	1287	14214
0	65	THUJ.SPP.ALL	0.614	595	6197
0	65	TSUG.CAN	0.551	561	6412
0	66	ABIE.BAL	0.737	676	4403
0	66	ACER.RUB	0.786	822	5792
0	66	ACER.SAH	0.692	921	8767
0	66	BETU.ALL	0.737	844	6267
0	66	BETU.PAP	0.838	638	3592
0	66	FAGU.GRA	0.692	987	10653
0	66	LARI.LAR	0.893	410	2816
0	66	PICE.GLA	0.692	1083	11071
0	66	PICE.MAR	0.614	974	9758
0	66	PICE.RUB	0.614	1687	13483
0	66	PINU.BAN	0.893	1225	9070
0	66	PINU.RES	0.737	1210	9882
0	66	PINU.STR	0.737	972	7730
0	66	POPU.TRE	0.893	1195	7317
0	66	QUER.RUB	0.737	1420	15220
0	66	THUJ.SPP.ALL	0.614	682	6340
0	66	TSUG.CAN	0.551	688	6802
0	67	ABIE.BAL	0.737	545	4140
0	67	ACER.RUB	0.786	722	5790
0	67	ACER.SAH	0.692	913	8247
0	67	BETU.ALL	0.737	809	6081
0	67	BETU.PAP	0.893	533	3448
0	67	FAGU.GRA	0.692	945	9882
0	67	LARI.LAR	0.893	351	2618
0	67	PICE.GLA	0.737	864	10305
0	67	PICE.MAR	0.651	868	9145
0	67	PICE.RUB	0.614	1775	13543
0	67	PINU.BAN	0.838	1168	9063
0	67	PINU.RES	0.786	1184	10014
0	67	PINU.STR	0.786	867	8094
0	67	POPU.TRE	0.944	975	7063
0	67	QUER.RUB	0.737	1430	14984
0	67	THUJ.SPP.ALL	0.614	662	6225
0	67	TSUG.CAN	0.581	631	6905
0	68	ABIE.BAL	0.737	622	4336
0	68	ACER.RUB	0.786	857	6126
0	68	ACER.SAH	0.737	1168	8779
0	68	BETU.ALL	0.737	924	6176
0	68	BETU.PAP	0.893	621	3614
0	68	FAGU.GRA	0.692	1046	9956
0	68	LARI.LAR	0.893	360	2845
0	68	PICE.GLA	0.737	1079	11444
0	68	PICE.MAR	0.651	854	9588
0	68	PICE.RUB	0.614	1894	13474
0	68	PINU.BAN	0.838	1262	9157
0	68	PINU.RES	0.786	1275	10056
0	68	PINU.STR	0.786	995	8054
0	68	POPU.TRE	0.944	1183	7390
0	68	QUER.RUB	0.737	1634	15263
0	68	THUJ.SPP.ALL	0.614	710	6606
0	68	TSUG.CAN	0.581	714	6978
