LandisData "Dynamic Input Data"

>>	year	landtype	species	probEst	maxANPP	maxB
0	28	ABIE.BAL	0.143	719	5190
0	28	ACER.RUB	0.167	585	3908
0	28	ACER.SAH	0.125	698	5654
0	28	BETU.ALL	0.125	612	4058
0	28	BETU.PAP	0.2	388	2244
0	28	FAGU.GRA	0.125	722	6567
0	28	LARI.LAR	0.167	232	2015
0	28	PICE.GLA	0.111	637	6923
0	28	PICE.MAR	0.091	612	5925
0	28	PICE.RUB	0.091	1092	8799
0	28	PINU.BAN	0.167	777	5664
0	28	PINU.RES	0.143	848	6540
0	28	PINU.STR	0.143	668	5230
0	28	POPU.TRE	0.167	734	4579
0	28	QUER.RUB	0.143	1166	10006
0	28	THUJ.SPP.ALL	0.091	585	4469
0	28	TSUG.CAN	0.091	489	4351
0	29	ABIE.BAL	0.143	733	4990
0	29	ACER.RUB	0.167	537	3777
0	29	ACER.SAH	0.125	656	5448
0	29	BETU.ALL	0.125	551	4003
0	29	BETU.PAP	0.2	371	2191
0	29	FAGU.GRA	0.111	682	6444
0	29	LARI.LAR	0.167	200	1838
0	29	PICE.GLA	0.111	586	6596
0	29	PICE.MAR	0.091	570	5831
0	29	PICE.RUB	0.091	1273	8357
0	29	PINU.BAN	0.167	752	5713
0	29	PINU.RES	0.143	803	6357
0	29	PINU.STR	0.143	623	5228
0	29	POPU.TRE	0.167	687	4432
0	29	QUER.RUB	0.125	1021	10116
0	29	THUJ.SPP.ALL	0.091	489	4040
0	29	TSUG.CAN	0.091	421	4372
0	130	ABIE.BAL	0.125	694	5079
0	130	ACER.RUB	0.125	449	3599
0	130	ACER.SAH	0.111	582	5266
0	130	BETU.ALL	0.111	487	3583
0	130	BETU.PAP	0.167	351	2177
0	130	FAGU.GRA	0.111	521	5708
0	130	LARI.LAR	0.167	200	1719
0	130	PICE.GLA	0.111	575	6480
0	130	PICE.MAR	0.091	550	5952
0	130	PICE.RUB	0.091	1392	8382
0	130	PINU.BAN	0.167	750	5611
0	130	PINU.RES	0.125	680	6096
0	130	PINU.STR	0.125	543	4888
0	130	POPU.TRE	0.2	648	4452
0	130	QUER.RUB	0.1	858	9005
0	130	THUJ.SPP.ALL	0.091	379	3877
0	130	TSUG.CAN	0.077	370	4039
0	131	ABIE.BAL	0.125	694	5151
0	131	ACER.RUB	0.125	479	3604
0	131	ACER.SAH	0.111	620	4976
0	131	BETU.ALL	0.111	510	3736
0	131	BETU.PAP	0.167	399	2198
0	131	FAGU.GRA	0.111	553	6554
0	131	LARI.LAR	0.167	205	1681
0	131	PICE.GLA	0.111	682	6872
0	131	PICE.MAR	0.091	550	6154
0	131	PICE.RUB	0.091	998	8428
0	131	PINU.BAN	0.167	777	5685
0	131	PINU.RES	0.125	700	6264
0	131	PINU.STR	0.125	568	4972
0	131	POPU.TRE	0.2	738	4706
0	131	QUER.RUB	0.1	862	9314
0	131	THUJ.SPP.ALL	0.091	373	4023
0	131	TSUG.CAN	0.071	404	4146
0	132	ABIE.BAL	0.125	800	5282
0	132	ACER.RUB	0.125	494	3642
0	132	ACER.SAH	0.111	666	5481
0	132	BETU.ALL	0.111	532	3642
0	132	BETU.PAP	0.167	375	2242
0	132	FAGU.GRA	0.111	567	6245
0	132	LARI.LAR	0.167	180	1813
0	132	PICE.GLA	0.111	692	6803
0	132	PICE.MAR	0.091	600	6232
0	132	PICE.RUB	0.091	1463	8640
0	132	PINU.BAN	0.167	779	5657
0	132	PINU.RES	0.125	699	6167
0	132	PINU.STR	0.125	571	4927
0	132	POPU.TRE	0.2	750	4587
0	132	QUER.RUB	0.1	924	9656
0	132	THUJ.SPP.ALL	0.091	396	3881
0	132	TSUG.CAN	0.071	404	4124
0	133	ABIE.BAL	0.125	768	5197
0	133	ACER.RUB	0.143	475	3620
0	133	ACER.SAH	0.111	707	5324
0	133	BETU.ALL	0.125	509	3887
0	133	BETU.PAP	0.167	383	2202
0	133	FAGU.GRA	0.111	580	6547
0	133	LARI.LAR	0.2	217	1956
0	133	PICE.GLA	0.111	609	6799
0	133	PICE.MAR	0.091	588	6272
0	133	PICE.RUB	0.091	1003	8592
0	133	PINU.BAN	0.2	729	5624
0	133	PINU.RES	0.143	701	6162
0	133	PINU.STR	0.143	561	5030
0	133	POPU.TRE	0.2	716	4484
0	133	QUER.RUB	0.125	1002	9444
0	133	THUJ.SPP.ALL	0.091	468	4188
0	133	TSUG.CAN	0.077	414	4230
0	134	ABIE.BAL	0.125	690	5094
0	134	ACER.RUB	0.125	418	3430
0	134	ACER.SAH	0.111	570	5062
0	134	BETU.ALL	0.111	490	3533
0	134	BETU.PAP	0.167	351	2146
0	134	FAGU.GRA	0.111	485	5986
0	134	LARI.LAR	0.167	190	1842
0	134	PICE.GLA	0.111	587	6544
0	134	PICE.MAR	0.091	559	5956
0	134	PICE.RUB	0.091	1476	8382
0	134	PINU.BAN	0.167	731	5674
0	134	PINU.RES	0.125	664	5932
0	134	PINU.STR	0.125	533	4835
0	134	POPU.TRE	0.2	627	4478
0	134	QUER.RUB	0.1	755	8834
0	134	THUJ.SPP.ALL	0.091	438	4002
0	134	TSUG.CAN	0.071	372	4028
0	135	ABIE.BAL	0.125	768	5336
0	135	ACER.RUB	0.125	452	3600
0	135	ACER.SAH	0.111	570	5348
0	135	BETU.ALL	0.111	509	3872
0	135	BETU.PAP	0.167	391	2212
0	135	FAGU.GRA	0.1	542	6012
0	135	LARI.LAR	0.167	206	1897
0	135	PICE.GLA	0.111	680	6869
0	135	PICE.MAR	0.091	572	6350
0	135	PICE.RUB	0.091	1110	8517
0	135	PINU.BAN	0.167	788	5650
0	135	PINU.RES	0.125	692	6016
0	135	PINU.STR	0.125	557	4744
0	135	POPU.TRE	0.2	749	4566
0	135	QUER.RUB	0.1	920	9242
0	135	THUJ.SPP.ALL	0.091	451	4073
0	135	TSUG.CAN	0.071	389	4193
0	136	ABIE.BAL	0.125	590	4891
0	136	ACER.RUB	0.125	418	3492
0	136	ACER.SAH	0.111	643	5326
0	136	BETU.ALL	0.111	480	3562
0	136	BETU.PAP	0.167	344	2118
0	136	FAGU.GRA	0.111	488	6011
0	136	LARI.LAR	0.167	202	1696
0	136	PICE.GLA	0.111	572	6365
0	136	PICE.MAR	0.091	466	5610
0	136	PICE.RUB	0.091	1271	8181
0	136	PINU.BAN	0.167	736	5520
0	136	PINU.RES	0.125	659	5838
0	136	PINU.STR	0.125	522	4685
0	136	POPU.TRE	0.2	612	4394
0	136	QUER.RUB	0.1	796	9022
0	136	THUJ.SPP.ALL	0.091	411	3935
0	136	TSUG.CAN	0.071	356	3981
0	137	ABIE.BAL	0.125	726	5197
0	137	ACER.RUB	0.143	496	3655
0	137	ACER.SAH	0.111	658	5158
0	137	BETU.ALL	0.111	556	3607
0	137	BETU.PAP	0.167	414	2231
0	137	FAGU.GRA	0.111	602	6025
0	137	LARI.LAR	0.167	202	1900
0	137	PICE.GLA	0.111	725	6794
0	137	PICE.MAR	0.091	598	5989
0	137	PICE.RUB	0.091	976	7754
0	137	PINU.BAN	0.167	788	5703
0	137	PINU.RES	0.125	735	6150
0	137	PINU.STR	0.125	604	4746
0	137	POPU.TRE	0.2	762	4637
0	137	QUER.RUB	0.1	886	9028
0	137	THUJ.SPP.ALL	0.091	493	4144
0	137	TSUG.CAN	0.077	424	4240
0	217	ABIE.BAL	0.125	761	5211
0	217	ACER.RUB	0.125	394	3374
0	217	ACER.SAH	0.111	558	5276
0	217	BETU.ALL	0.111	461	3576
0	217	BETU.PAP	0.167	362	2140
0	217	FAGU.GRA	0.091	469	5753
0	217	LARI.LAR	0.167	176	1669
0	217	PICE.GLA	0.111	657	6812
0	217	PICE.MAR	0.091	556	6025
0	217	PICE.RUB	0.077	1083	7709
0	217	PINU.BAN	0.167	748	5602
0	217	PINU.RES	0.125	626	5856
0	217	PINU.STR	0.125	493	4586
0	217	POPU.TRE	0.167	752	4519
0	217	QUER.RUB	0.091	794	8753
0	217	THUJ.SPP.ALL	0.077	335	3756
0	217	TSUG.CAN	0.067	314	3864
0	218	ABIE.BAL	0.125	633	4905
0	218	ACER.RUB	0.1	286	2950
0	218	ACER.SAH	0.083	452	4430
0	218	BETU.ALL	0.083	366	3268
0	218	BETU.PAP	0.167	327	2080
0	218	FAGU.GRA	0.071	307	5122
0	218	LARI.LAR	0.167	201	1586
0	218	PICE.GLA	0.111	592	6460
0	218	PICE.MAR	0.091	541	5881
0	218	PICE.RUB	0.067	1220	7536
0	218	PINU.BAN	0.167	638	5374
0	218	PINU.RES	0.1	526	5032
0	218	PINU.STR	0.091	385	3898
0	218	POPU.TRE	0.167	640	4427
0	218	QUER.RUB	0.083	701	7147
0	218	THUJ.SPP.ALL	0.067	298	3312
0	218	TSUG.CAN	0.059	235	3298
0	219	ABIE.BAL	0.125	566	4909
0	219	ACER.RUB	0.1	444	2767
0	219	ACER.SAH	0.083	512	4564
0	219	BETU.ALL	0.083	364	3114
0	219	BETU.PAP	0.167	312	2026
0	219	FAGU.GRA	0.071	292	5010
0	219	LARI.LAR	0.167	181	1589
0	219	PICE.GLA	0.111	541	6267
0	219	PICE.MAR	0.091	542	5787
0	219	PICE.RUB	0.067	1159	7228
0	219	PINU.BAN	0.167	604	5365
0	219	PINU.RES	0.1	523	4791
0	219	PINU.STR	0.091	354	3707
0	219	POPU.TRE	0.167	632	4382
0	219	QUER.RUB	0.083	601	7391
0	219	THUJ.SPP.ALL	0.067	298	3151
0	219	TSUG.CAN	0.056	233	3136
0	220	ABIE.BAL	0.125	665	4877
0	220	ACER.RUB	0.125	445	2853
0	220	ACER.SAH	0.083	528	4800
0	220	BETU.ALL	0.1	378	3320
0	220	BETU.PAP	0.167	332	2064
0	220	FAGU.GRA	0.083	316	5188
0	220	LARI.LAR	0.167	164	1645
0	220	PICE.GLA	0.111	564	6236
0	220	PICE.MAR	0.091	543	5944
0	220	PICE.RUB	0.067	1100	7588
0	220	PINU.BAN	0.167	657	5387
0	220	PINU.RES	0.1	515	5230
0	220	PINU.STR	0.091	392	3972
0	220	POPU.TRE	0.167	646	4399
0	220	QUER.RUB	0.083	611	7484
0	220	THUJ.SPP.ALL	0.067	292	3457
0	220	TSUG.CAN	0.059	248	3406
0	221	ABIE.BAL	0.125	775	5190
0	221	ACER.RUB	0.125	406	3414
0	221	ACER.SAH	0.111	564	5156
0	221	BETU.ALL	0.111	462	3503
0	221	BETU.PAP	0.167	384	2191
0	221	FAGU.GRA	0.083	462	6131
0	221	LARI.LAR	0.167	181	1828
0	221	PICE.GLA	0.111	696	6700
0	221	PICE.MAR	0.091	569	6191
0	221	PICE.RUB	0.077	991	8554
0	221	PINU.BAN	0.167	764	5622
0	221	PINU.RES	0.125	617	5409
0	221	PINU.STR	0.111	508	4530
0	221	POPU.TRE	0.167	769	4548
0	221	QUER.RUB	0.091	814	8579
0	221	THUJ.SPP.ALL	0.077	354	3783
0	221	TSUG.CAN	0.067	325	3835
0	222	ABIE.BAL	0.111	576	4795
0	222	ACER.RUB	0.019	392	2483
0	222	ACER.SAH	0.062	306	3616
0	222	BETU.ALL	0.043	195	2632
0	222	BETU.PAP	0.143	274	1947
0	222	FAGU.GRA	0.05	370	3582
0	222	LARI.LAR	0.143	187	1474
0	222	PICE.GLA	0.111	477	6096
0	222	PICE.MAR	0.091	494	5693
0	222	PICE.RUB	0.053	1106	6229
0	222	PINU.BAN	0.143	498	5010
0	222	PINU.RES	0.048	405	4720
0	222	PINU.STR	0.048	316	3005
0	222	POPU.TRE	0.167	588	4276
0	222	QUER.RUB	0.059	640	6109
0	222	THUJ.SPP.ALL	0.053	304	2726
0	222	TSUG.CAN	0.042	181	2404
0	223	ABIE.BAL	0.111	551	4660
0	223	ACER.RUB	0.019	324	2453
0	223	ACER.SAH	0.059	330	3485
0	223	BETU.ALL	0.043	157	2562
0	223	BETU.PAP	0.143	283	1908
0	223	FAGU.GRA	0.05	363	3542
0	223	LARI.LAR	0.143	170	1454
0	223	PICE.GLA	0.111	487	6177
0	223	PICE.MAR	0.091	565	5490
0	223	PICE.RUB	0.053	1082	6232
0	223	PINU.BAN	0.143	507	5099
0	223	PINU.RES	0.048	361	4614
0	223	PINU.STR	0.043	236	2877
0	223	POPU.TRE	0.167	572	4196
0	223	QUER.RUB	0.05	583	5582
0	223	THUJ.SPP.ALL	0.053	298	2721
0	223	TSUG.CAN	0.042	195	2752
0	378	ABIE.BAL	0.143	630	4866
0	378	ACER.RUB	0.167	535	3808
0	378	ACER.SAH	0.125	652	5388
0	378	BETU.ALL	0.125	570	3868
0	378	BETU.PAP	0.2	390	2179
0	378	FAGU.GRA	0.111	692	6371
0	378	LARI.LAR	0.167	270	2042
0	378	PICE.GLA	0.111	662	6714
0	378	PICE.MAR	0.091	519	5753
0	378	PICE.RUB	0.091	1026	8378
0	378	PINU.BAN	0.167	780	5712
0	378	PINU.RES	0.143	815	6464
0	378	PINU.STR	0.143	650	5115
0	378	POPU.TRE	0.167	722	4535
0	378	QUER.RUB	0.111	1052	9703
0	378	THUJ.SPP.ALL	0.091	612	4387
0	378	TSUG.CAN	0.091	456	4290
0	379	ABIE.BAL	0.143	736	5165
0	379	ACER.RUB	0.167	571	3895
0	379	ACER.SAH	0.125	718	5543
0	379	BETU.ALL	0.125	622	3886
0	379	BETU.PAP	0.2	410	2218
0	379	FAGU.GRA	0.111	740	6871
0	379	LARI.LAR	0.167	278	2109
0	379	PICE.GLA	0.111	664	6861
0	379	PICE.MAR	0.091	538	5973
0	379	PICE.RUB	0.091	1094	8668
0	379	PINU.BAN	0.167	790	5706
0	379	PINU.RES	0.143	833	6209
0	379	PINU.STR	0.143	666	5036
0	379	POPU.TRE	0.167	750	4564
0	379	QUER.RUB	0.125	1094	9890
0	379	THUJ.SPP.ALL	0.091	619	4395
0	379	TSUG.CAN	0.091	479	4604
20	28	ABIE.BAL	0.111	957	4428
20	28	ACER.RUB	0.25	572	3864
20	28	ACER.SAH	0.125	721	5529
20	28	BETU.ALL	0.125	555	3824
20	28	BETU.PAP	0.167	344	2125
20	28	FAGU.GRA	0.143	748	6614
20	28	LARI.LAR	0.125	258	1583
20	28	PICE.GLA	0.1	470	5867
20	28	PICE.MAR	0.071	476	4495
20	28	PICE.RUB	0.083	1796	8233
20	28	PINU.BAN	0.167	655	5451
20	28	PINU.RES	0.143	792	6383
20	28	PINU.STR	0.143	660	5087
20	28	POPU.TRE	0.167	557	4263
20	28	QUER.RUB	0.125	1089	9944
20	28	THUJ.SPP.ALL	0.091	544	4324
20	28	TSUG.CAN	0.091	461	4497
20	29	ABIE.BAL	0.111	946	4478
20	29	ACER.RUB	0.2	556	3846
20	29	ACER.SAH	0.125	695	5390
20	29	BETU.ALL	0.125	534	3796
20	29	BETU.PAP	0.167	356	2064
20	29	FAGU.GRA	0.143	702	6422
20	29	LARI.LAR	0.143	253	1502
20	29	PICE.GLA	0.111	477	5797
20	29	PICE.MAR	0.071	543	4588
20	29	PICE.RUB	0.083	1429	7934
20	29	PINU.BAN	0.167	660	5547
20	29	PINU.RES	0.143	796	6352
20	29	PINU.STR	0.167	614	4896
20	29	POPU.TRE	0.167	559	4247
20	29	QUER.RUB	0.125	820	9545
20	29	THUJ.SPP.ALL	0.091	467	4046
20	29	TSUG.CAN	0.091	434	4346
20	130	ABIE.BAL	0.111	662	4823
20	130	ACER.RUB	0.143	536	3817
20	130	ACER.SAH	0.111	592	5440
20	130	BETU.ALL	0.143	510	3774
20	130	BETU.PAP	0.25	330	2154
20	130	FAGU.GRA	0.111	682	6758
20	130	LARI.LAR	0.143	224	1584
20	130	PICE.GLA	0.111	519	6204
20	130	PICE.MAR	0.083	525	5327
20	130	PICE.RUB	0.091	1346	8339
20	130	PINU.BAN	0.167	714	5613
20	130	PINU.RES	0.143	789	6260
20	130	PINU.STR	0.143	613	5077
20	130	POPU.TRE	0.167	627	4268
20	130	QUER.RUB	0.111	1051	9235
20	130	THUJ.SPP.ALL	0.1	393	4054
20	130	TSUG.CAN	0.091	426	4429
20	131	ABIE.BAL	0.125	647	4880
20	131	ACER.RUB	0.143	594	3818
20	131	ACER.SAH	0.125	624	5374
20	131	BETU.ALL	0.143	539	4005
20	131	BETU.PAP	0.25	375	2216
20	131	FAGU.GRA	0.111	738	6814
20	131	LARI.LAR	0.167	211	1606
20	131	PICE.GLA	0.111	607	6798
20	131	PICE.MAR	0.091	655	5422
20	131	PICE.RUB	0.091	1160	8383
20	131	PINU.BAN	0.167	762	5635
20	131	PINU.RES	0.143	826	6459
20	131	PINU.STR	0.143	669	5101
20	131	POPU.TRE	0.167	730	4414
20	131	QUER.RUB	0.111	1026	9331
20	131	THUJ.SPP.ALL	0.1	422	4027
20	131	TSUG.CAN	0.091	446	4544
20	132	ABIE.BAL	0.111	676	5175
20	132	ACER.RUB	0.143	586	3886
20	132	ACER.SAH	0.125	824	6015
20	132	BETU.ALL	0.143	570	3989
20	132	BETU.PAP	0.25	378	2194
20	132	FAGU.GRA	0.111	752	6692
20	132	LARI.LAR	0.167	188	1705
20	132	PICE.GLA	0.111	612	7013
20	132	PICE.MAR	0.091	565	5913
20	132	PICE.RUB	0.1	1026	8954
20	132	PINU.BAN	0.167	770	5686
20	132	PINU.RES	0.143	835	6432
20	132	PINU.STR	0.143	670	5010
20	132	POPU.TRE	0.167	731	4606
20	132	QUER.RUB	0.111	1270	9714
20	132	THUJ.SPP.ALL	0.1	416	4048
20	132	TSUG.CAN	0.091	489	4609
20	133	ABIE.BAL	0.125	583	4994
20	133	ACER.RUB	0.143	574	3923
20	133	ACER.SAH	0.125	697	5480
20	133	BETU.ALL	0.143	552	3814
20	133	BETU.PAP	0.167	380	2162
20	133	FAGU.GRA	0.125	718	6398
20	133	LARI.LAR	0.167	198	1878
20	133	PICE.GLA	0.111	551	6496
20	133	PICE.MAR	0.091	563	5547
20	133	PICE.RUB	0.091	1206	8358
20	133	PINU.BAN	0.167	736	5585
20	133	PINU.RES	0.167	799	6366
20	133	PINU.STR	0.143	644	5011
20	133	POPU.TRE	0.167	678	4411
20	133	QUER.RUB	0.111	1291	9826
20	133	THUJ.SPP.ALL	0.091	490	4171
20	133	TSUG.CAN	0.091	484	4243
20	134	ABIE.BAL	0.125	580	4866
20	134	ACER.RUB	0.143	550	3809
20	134	ACER.SAH	0.125	672	5190
20	134	BETU.ALL	0.143	528	3901
20	134	BETU.PAP	0.25	338	2120
20	134	FAGU.GRA	0.111	686	6316
20	134	LARI.LAR	0.167	279	1745
20	134	PICE.GLA	0.111	528	6261
20	134	PICE.MAR	0.091	527	5510
20	134	PICE.RUB	0.1	1207	8526
20	134	PINU.BAN	0.167	720	5640
20	134	PINU.RES	0.143	787	6184
20	134	PINU.STR	0.143	606	4836
20	134	POPU.TRE	0.167	598	4441
20	134	QUER.RUB	0.125	1073	9771
20	134	THUJ.SPP.ALL	0.1	455	4217
20	134	TSUG.CAN	0.091	434	4452
20	135	ABIE.BAL	0.125	612	5108
20	135	ACER.RUB	0.143	609	3816
20	135	ACER.SAH	0.125	664	5624
20	135	BETU.ALL	0.143	578	3927
20	135	BETU.PAP	0.25	375	2248
20	135	FAGU.GRA	0.111	735	6903
20	135	LARI.LAR	0.167	254	1803
20	135	PICE.GLA	0.111	617	6719
20	135	PICE.MAR	0.091	539	5918
20	135	PICE.RUB	0.1	1007	8510
20	135	PINU.BAN	0.167	777	5642
20	135	PINU.RES	0.143	832	6376
20	135	PINU.STR	0.143	674	5016
20	135	POPU.TRE	0.167	740	4452
20	135	QUER.RUB	0.111	1133	9750
20	135	THUJ.SPP.ALL	0.1	472	4218
20	135	TSUG.CAN	0.091	501	4456
20	136	ABIE.BAL	0.111	786	4382
20	136	ACER.RUB	0.143	493	3738
20	136	ACER.SAH	0.111	538	4910
20	136	BETU.ALL	0.143	477	3626
20	136	BETU.PAP	0.25	314	2051
20	136	FAGU.GRA	0.111	661	6573
20	136	LARI.LAR	0.143	196	1444
20	136	PICE.GLA	0.111	484	6192
20	136	PICE.MAR	0.083	504	4787
20	136	PICE.RUB	0.083	1459	7928
20	136	PINU.BAN	0.167	689	5500
20	136	PINU.RES	0.143	729	6366
20	136	PINU.STR	0.143	598	4796
20	136	POPU.TRE	0.167	569	4202
20	136	QUER.RUB	0.111	853	8847
20	136	THUJ.SPP.ALL	0.1	415	3937
20	136	TSUG.CAN	0.091	415	4300
20	137	ABIE.BAL	0.111	804	4578
20	137	ACER.RUB	0.143	574	3801
20	137	ACER.SAH	0.111	553	5145
20	137	BETU.ALL	0.143	516	3692
20	137	BETU.PAP	0.25	366	2191
20	137	FAGU.GRA	0.111	790	6570
20	137	LARI.LAR	0.143	219	1706
20	137	PICE.GLA	0.111	600	6584
20	137	PICE.MAR	0.083	604	5036
20	137	PICE.RUB	0.083	1258	8428
20	137	PINU.BAN	0.167	751	5612
20	137	PINU.RES	0.143	841	6238
20	137	PINU.STR	0.143	698	5096
20	137	POPU.TRE	0.167	653	4461
20	137	QUER.RUB	0.111	1012	9265
20	137	THUJ.SPP.ALL	0.091	511	4356
20	137	TSUG.CAN	0.091	485	4324
20	217	ABIE.BAL	0.125	647	5015
20	217	ACER.RUB	0.143	527	3776
20	217	ACER.SAH	0.111	652	5285
20	217	BETU.ALL	0.125	552	3758
20	217	BETU.PAP	0.25	378	2181
20	217	FAGU.GRA	0.111	674	6782
20	217	LARI.LAR	0.167	212	1617
20	217	PICE.GLA	0.111	586	6833
20	217	PICE.MAR	0.091	588	5796
20	217	PICE.RUB	0.091	1128	8499
20	217	PINU.BAN	0.167	774	5623
20	217	PINU.RES	0.125	819	6230
20	217	PINU.STR	0.125	653	5072
20	217	POPU.TRE	0.167	698	4476
20	217	QUER.RUB	0.111	1049	9384
20	217	THUJ.SPP.ALL	0.1	403	3953
20	217	TSUG.CAN	0.077	474	4386
20	218	ABIE.BAL	0.143	651	4866
20	218	ACER.RUB	0.143	463	3528
20	218	ACER.SAH	0.1	613	5110
20	218	BETU.ALL	0.111	513	3597
20	218	BETU.PAP	0.167	356	2127
20	218	FAGU.GRA	0.091	596	6218
20	218	LARI.LAR	0.143	171	1606
20	218	PICE.GLA	0.111	590	6498
20	218	PICE.MAR	0.091	497	5793
20	218	PICE.RUB	0.077	1011	8215
20	218	PINU.BAN	0.25	661	5538
20	218	PINU.RES	0.111	731	5880
20	218	PINU.STR	0.111	591	5048
20	218	POPU.TRE	0.25	613	4363
20	218	QUER.RUB	0.111	938	8842
20	218	THUJ.SPP.ALL	0.083	344	3680
20	218	TSUG.CAN	0.077	406	3974
20	219	ABIE.BAL	0.143	608	5015
20	219	ACER.RUB	0.143	478	3423
20	219	ACER.SAH	0.1	561	5396
20	219	BETU.ALL	0.111	470	3544
20	219	BETU.PAP	0.167	347	2114
20	219	FAGU.GRA	0.091	569	6276
20	219	LARI.LAR	0.2	222	1660
20	219	PICE.GLA	0.111	551	6297
20	219	PICE.MAR	0.083	527	5703
20	219	PICE.RUB	0.077	1108	8331
20	219	PINU.BAN	0.25	652	5543
20	219	PINU.RES	0.111	708	5822
20	219	PINU.STR	0.111	578	4680
20	219	POPU.TRE	0.25	608	4378
20	219	QUER.RUB	0.1	1003	8633
20	219	THUJ.SPP.ALL	0.083	334	3749
20	219	TSUG.CAN	0.077	370	4077
20	220	ABIE.BAL	0.143	651	4887
20	220	ACER.RUB	0.143	464	3538
20	220	ACER.SAH	0.091	600	5219
20	220	BETU.ALL	0.111	531	3613
20	220	BETU.PAP	0.2	342	2135
20	220	FAGU.GRA	0.1	607	6127
20	220	LARI.LAR	0.2	202	1600
20	220	PICE.GLA	0.111	566	6417
20	220	PICE.MAR	0.083	521	5575
20	220	PICE.RUB	0.091	1211	8351
20	220	PINU.BAN	0.167	728	5603
20	220	PINU.RES	0.111	756	6035
20	220	PINU.STR	0.111	599	4862
20	220	POPU.TRE	0.167	640	4430
20	220	QUER.RUB	0.111	933	9105
20	220	THUJ.SPP.ALL	0.091	391	3748
20	220	TSUG.CAN	0.077	408	4201
20	221	ABIE.BAL	0.143	669	5030
20	221	ACER.RUB	0.143	549	3862
20	221	ACER.SAH	0.111	574	5293
20	221	BETU.ALL	0.125	575	3769
20	221	BETU.PAP	0.25	360	2174
20	221	FAGU.GRA	0.111	697	6697
20	221	LARI.LAR	0.167	289	1707
20	221	PICE.GLA	0.111	626	6652
20	221	PICE.MAR	0.091	543	5741
20	221	PICE.RUB	0.091	1160	8456
20	221	PINU.BAN	0.167	780	5606
20	221	PINU.RES	0.125	841	6186
20	221	PINU.STR	0.125	672	4992
20	221	POPU.TRE	0.167	709	4490
20	221	QUER.RUB	0.111	930	9407
20	221	THUJ.SPP.ALL	0.1	436	4078
20	221	TSUG.CAN	0.077	488	4459
20	222	ABIE.BAL	0.125	662	5072
20	222	ACER.RUB	0.111	487	3202
20	222	ACER.SAH	0.091	542	4880
20	222	BETU.ALL	0.1	427	3322
20	222	BETU.PAP	0.143	346	2077
20	222	FAGU.GRA	0.083	420	5619
20	222	LARI.LAR	0.167	187	1590
20	222	PICE.GLA	0.111	543	6239
20	222	PICE.MAR	0.091	521	5919
20	222	PICE.RUB	0.077	1314	8391
20	222	PINU.BAN	0.167	625	5392
20	222	PINU.RES	0.111	591	5381
20	222	PINU.STR	0.111	489	4321
20	222	POPU.TRE	0.2	640	4332
20	222	QUER.RUB	0.091	757	8583
20	222	THUJ.SPP.ALL	0.077	289	3468
20	222	TSUG.CAN	0.067	295	3692
20	223	ABIE.BAL	0.125	590	4955
20	223	ACER.RUB	0.111	568	3160
20	223	ACER.SAH	0.091	533	5030
20	223	BETU.ALL	0.091	440	3536
20	223	BETU.PAP	0.143	353	2100
20	223	FAGU.GRA	0.077	428	5370
20	223	LARI.LAR	0.167	184	1557
20	223	PICE.GLA	0.111	556	6425
20	223	PICE.MAR	0.091	523	5887
20	223	PICE.RUB	0.077	946	7572
20	223	PINU.BAN	0.167	624	5356
20	223	PINU.RES	0.111	590	5364
20	223	PINU.STR	0.111	493	4435
20	223	POPU.TRE	0.2	632	4399
20	223	QUER.RUB	0.091	746	8402
20	223	THUJ.SPP.ALL	0.077	288	3488
20	223	TSUG.CAN	0.067	293	3563
20	378	ABIE.BAL	0.111	847	4169
20	378	ACER.RUB	0.2	542	3842
20	378	ACER.SAH	0.125	666	5067
20	378	BETU.ALL	0.125	532	3953
20	378	BETU.PAP	0.167	334	2089
20	378	FAGU.GRA	0.143	756	6659
20	378	LARI.LAR	0.143	269	1619
20	378	PICE.GLA	0.111	491	5896
20	378	PICE.MAR	0.071	560	4159
20	378	PICE.RUB	0.083	2183	7719
20	378	PINU.BAN	0.167	673	5461
20	378	PINU.RES	0.143	783	6472
20	378	PINU.STR	0.167	628	5211
20	378	POPU.TRE	0.167	563	4242
20	378	QUER.RUB	0.125	762	8846
20	378	THUJ.SPP.ALL	0.091	570	4260
20	378	TSUG.CAN	0.091	433	4410
20	379	ABIE.BAL	0.111	882	4396
20	379	ACER.RUB	0.25	573	3907
20	379	ACER.SAH	0.125	562	5370
20	379	BETU.ALL	0.125	546	3946
20	379	BETU.PAP	0.167	361	2142
20	379	FAGU.GRA	0.143	744	6736
20	379	LARI.LAR	0.143	230	1710
20	379	PICE.GLA	0.1	504	5977
20	379	PICE.MAR	0.071	555	4293
20	379	PICE.RUB	0.083	1991	8170
20	379	PINU.BAN	0.167	685	5502
20	379	PINU.RES	0.143	814	6396
20	379	PINU.STR	0.167	651	5243
20	379	POPU.TRE	0.167	585	4289
20	379	QUER.RUB	0.125	814	9670
20	379	THUJ.SPP.ALL	0.091	578	4434
20	379	TSUG.CAN	0.091	456	4344
50	28	ABIE.BAL	0.091	519	2774
50	28	ACER.RUB	0.25	520	3671
50	28	ACER.SAH	0.111	643	5192
50	28	BETU.ALL	0.125	461	3588
50	28	BETU.PAP	0.143	225	1842
50	28	FAGU.GRA	0.143	725	6653
50	28	LARI.LAR	0.028	125	686
50	28	PICE.GLA	0	0	0
50	28	PICE.MAR	0	0	0
50	28	PICE.RUB	0.071	784	6802
50	28	PINU.BAN	0.143	547	4781
50	28	PINU.RES	0.143	598	5982
50	28	PINU.STR	0.143	586	4790
50	28	POPU.TRE	0.143	487	3560
50	28	QUER.RUB	0.143	902	8910
50	28	THUJ.SPP.ALL	0.083	476	3960
50	28	TSUG.CAN	0.091	392	4177
50	29	ABIE.BAL	0.091	541	3059
50	29	ACER.RUB	0.25	475	3667
50	29	ACER.SAH	0.111	620	4859
50	29	BETU.ALL	0.125	476	3580
50	29	BETU.PAP	0.167	242	1897
50	29	FAGU.GRA	0.143	670	6437
50	29	LARI.LAR	0.091	150	809
50	29	PICE.GLA	0.026	272	3141
50	29	PICE.MAR	0.026	242	2401
50	29	PICE.RUB	0.077	918	6898
50	29	PINU.BAN	0.143	503	4988
50	29	PINU.RES	0.143	587	5789
50	29	PINU.STR	0.143	568	5072
50	29	POPU.TRE	0.143	450	3708
50	29	QUER.RUB	0.143	766	8716
50	29	THUJ.SPP.ALL	0.091	408	3730
50	29	TSUG.CAN	0.091	381	4196
50	130	ABIE.BAL	0.111	868	4051
50	130	ACER.RUB	0.167	544	3717
50	130	ACER.SAH	0.125	760	5475
50	130	BETU.ALL	0.125	505	3606
50	130	BETU.PAP	0.2	292	2030
50	130	FAGU.GRA	0.125	694	6531
50	130	LARI.LAR	0.143	139	1155
50	130	PICE.GLA	0.091	503	4958
50	130	PICE.MAR	0.067	365	3956
50	130	PICE.RUB	0.083	1697	7883
50	130	PINU.BAN	0.167	544	5310
50	130	PINU.RES	0.167	686	6136
50	130	PINU.STR	0.167	581	4955
50	130	POPU.TRE	0.167	436	4023
50	130	QUER.RUB	0.125	902	9208
50	130	THUJ.SPP.ALL	0.091	385	3784
50	130	TSUG.CAN	0.091	409	4289
50	131	ABIE.BAL	0.111	1024	4286
50	131	ACER.RUB	0.167	587	3912
50	131	ACER.SAH	0.125	780	5545
50	131	BETU.ALL	0.125	581	3692
50	131	BETU.PAP	0.2	335	2099
50	131	FAGU.GRA	0.125	762	6740
50	131	LARI.LAR	0.143	185	1301
50	131	PICE.GLA	0.111	516	5768
50	131	PICE.MAR	0.067	387	4315
50	131	PICE.RUB	0.083	1603	7967
50	131	PINU.BAN	0.167	630	5416
50	131	PINU.RES	0.167	741	6187
50	131	PINU.STR	0.167	633	5211
50	131	POPU.TRE	0.167	527	4222
50	131	QUER.RUB	0.125	968	9320
50	131	THUJ.SPP.ALL	0.091	402	3934
50	131	TSUG.CAN	0.1	427	4512
50	132	ABIE.BAL	0.111	811	4542
50	132	ACER.RUB	0.167	628	3852
50	132	ACER.SAH	0.125	724	5426
50	132	BETU.ALL	0.125	570	3916
50	132	BETU.PAP	0.2	352	2145
50	132	FAGU.GRA	0.125	767	6837
50	132	LARI.LAR	0.143	243	1387
50	132	PICE.GLA	0.111	532	5688
50	132	PICE.MAR	0.067	414	4528
50	132	PICE.RUB	0.083	1430	7936
50	132	PINU.BAN	0.167	627	5420
50	132	PINU.RES	0.167	741	6329
50	132	PINU.STR	0.167	634	5122
50	132	POPU.TRE	0.167	586	4277
50	132	QUER.RUB	0.125	1124	9705
50	132	THUJ.SPP.ALL	0.091	406	3942
50	132	TSUG.CAN	0.1	445	4522
50	133	ABIE.BAL	0.111	1000	4244
50	133	ACER.RUB	0.167	604	3926
50	133	ACER.SAH	0.143	682	5338
50	133	BETU.ALL	0.125	570	3714
50	133	BETU.PAP	0.2	315	2096
50	133	FAGU.GRA	0.125	746	6421
50	133	LARI.LAR	0.143	252	1385
50	133	PICE.GLA	0.091	454	4964
50	133	PICE.MAR	0.071	380	3924
50	133	PICE.RUB	0.083	1310	7993
50	133	PINU.BAN	0.167	542	5322
50	133	PINU.RES	0.143	704	6275
50	133	PINU.STR	0.167	609	5008
50	133	POPU.TRE	0.167	457	4120
50	133	QUER.RUB	0.125	986	9862
50	133	THUJ.SPP.ALL	0.091	438	4095
50	133	TSUG.CAN	0.091	442	4389
50	134	ABIE.BAL	0.125	857	4229
50	134	ACER.RUB	0.167	552	3780
50	134	ACER.SAH	0.143	642	5336
50	134	BETU.ALL	0.125	537	3690
50	134	BETU.PAP	0.2	295	2015
50	134	FAGU.GRA	0.125	690	6792
50	134	LARI.LAR	0.143	255	1342
50	134	PICE.GLA	0.091	502	4982
50	134	PICE.MAR	0.067	394	3909
50	134	PICE.RUB	0.091	2002	8206
50	134	PINU.BAN	0.167	544	5266
50	134	PINU.RES	0.167	685	6345
50	134	PINU.STR	0.167	571	4992
50	134	POPU.TRE	0.167	481	4090
50	134	QUER.RUB	0.125	970	9110
50	134	THUJ.SPP.ALL	0.091	434	4074
50	134	TSUG.CAN	0.091	408	4411
50	135	ABIE.BAL	0.125	825	4457
50	135	ACER.RUB	0.167	606	3920
50	135	ACER.SAH	0.125	664	5308
50	135	BETU.ALL	0.125	586	3677
50	135	BETU.PAP	0.2	348	2159
50	135	FAGU.GRA	0.125	786	6921
50	135	LARI.LAR	0.167	317	1440
50	135	PICE.GLA	0.111	526	5837
50	135	PICE.MAR	0.071	435	4552
50	135	PICE.RUB	0.091	2060	8155
50	135	PINU.BAN	0.167	649	5449
50	135	PINU.RES	0.167	755	6316
50	135	PINU.STR	0.167	634	5277
50	135	POPU.TRE	0.167	578	4332
50	135	QUER.RUB	0.143	1132	9506
50	135	THUJ.SPP.ALL	0.091	456	4044
50	135	TSUG.CAN	0.1	452	4467
50	136	ABIE.BAL	0.111	683	3575
50	136	ACER.RUB	0.167	464	3605
50	136	ACER.SAH	0.125	999	3909
50	136	BETU.ALL	0.125	463	3634
50	136	BETU.PAP	0.2	268	1953
50	136	FAGU.GRA	0.125	634	6754
50	136	LARI.LAR	0.143	172	1019
50	136	PICE.GLA	0.091	567	4460
50	136	PICE.MAR	0.067	338	3395
50	136	PICE.RUB	0.083	1244	7044
50	136	PINU.BAN	0.167	505	5184
50	136	PINU.RES	0.167	630	6036
50	136	PINU.STR	0.167	529	5052
50	136	POPU.TRE	0.167	402	3874
50	136	QUER.RUB	0.125	830	8578
50	136	THUJ.SPP.ALL	0.091	401	3823
50	136	TSUG.CAN	0.091	378	4000
50	137	ABIE.BAL	0.111	754	3842
50	137	ACER.RUB	0.167	588	3837
50	137	ACER.SAH	0.125	786	5062
50	137	BETU.ALL	0.125	539	3780
50	137	BETU.PAP	0.2	311	2037
50	137	FAGU.GRA	0.125	774	6424
50	137	LARI.LAR	0.143	177	1142
50	137	PICE.GLA	0.091	480	5234
50	137	PICE.MAR	0.067	390	3601
50	137	PICE.RUB	0.083	2222	7466
50	137	PINU.BAN	0.167	592	5243
50	137	PINU.RES	0.143	719	6262
50	137	PINU.STR	0.167	622	5044
50	137	POPU.TRE	0.167	448	4157
50	137	QUER.RUB	0.125	866	9490
50	137	THUJ.SPP.ALL	0.091	450	4003
50	137	TSUG.CAN	0.091	412	4466
50	217	ABIE.BAL	0.111	982	4660
50	217	ACER.RUB	0.167	575	3783
50	217	ACER.SAH	0.125	728	5377
50	217	BETU.ALL	0.143	545	3723
50	217	BETU.PAP	0.2	338	2085
50	217	FAGU.GRA	0.125	769	6646
50	217	LARI.LAR	0.143	220	1384
50	217	PICE.GLA	0.111	524	5922
50	217	PICE.MAR	0.083	616	4770
50	217	PICE.RUB	0.091	2205	8169
50	217	PINU.BAN	0.167	670	5446
50	217	PINU.RES	0.167	770	6264
50	217	PINU.STR	0.143	661	4875
50	217	POPU.TRE	0.167	594	4258
50	217	QUER.RUB	0.111	932	9739
50	217	THUJ.SPP.ALL	0.091	386	3801
50	217	TSUG.CAN	0.091	449	4451
50	218	ABIE.BAL	0.125	690	4638
50	218	ACER.RUB	0.143	559	3797
50	218	ACER.SAH	0.125	626	5341
50	218	BETU.ALL	0.125	549	3758
50	218	BETU.PAP	0.25	326	2153
50	218	FAGU.GRA	0.111	686	6730
50	218	LARI.LAR	0.2	222	1404
50	218	PICE.GLA	0.111	527	6055
50	218	PICE.MAR	0.091	514	4996
50	218	PICE.RUB	0.1	2053	8019
50	218	PINU.BAN	0.167	660	5406
50	218	PINU.RES	0.143	738	6256
50	218	PINU.STR	0.143	613	4971
50	218	POPU.TRE	0.167	594	4282
50	218	QUER.RUB	0.125	1024	9202
50	218	THUJ.SPP.ALL	0.1	359	3862
50	218	TSUG.CAN	0.091	444	4225
50	219	ABIE.BAL	0.125	662	4809
50	219	ACER.RUB	0.143	565	3759
50	219	ACER.SAH	0.125	669	5224
50	219	BETU.ALL	0.125	544	3790
50	219	BETU.PAP	0.25	332	2110
50	219	FAGU.GRA	0.111	698	6528
50	219	LARI.LAR	0.2	280	1482
50	219	PICE.GLA	0.111	497	5982
50	219	PICE.MAR	0.091	546	5017
50	219	PICE.RUB	0.1	1341	8102
50	219	PINU.BAN	0.167	640	5474
50	219	PINU.RES	0.143	730	6211
50	219	PINU.STR	0.143	591	4918
50	219	POPU.TRE	0.167	581	4221
50	219	QUER.RUB	0.111	904	9771
50	219	THUJ.SPP.ALL	0.1	353	3739
50	219	TSUG.CAN	0.091	412	4376
50	220	ABIE.BAL	0.111	903	4528
50	220	ACER.RUB	0.167	562	3706
50	220	ACER.SAH	0.125	738	5202
50	220	BETU.ALL	0.143	514	3914
50	220	BETU.PAP	0.25	312	2086
50	220	FAGU.GRA	0.111	703	6758
50	220	LARI.LAR	0.143	236	1458
50	220	PICE.GLA	0.111	494	6057
50	220	PICE.MAR	0.083	426	4789
50	220	PICE.RUB	0.091	1422	8265
50	220	PINU.BAN	0.167	649	5483
50	220	PINU.RES	0.167	717	6432
50	220	PINU.STR	0.143	595	5124
50	220	POPU.TRE	0.167	563	4152
50	220	QUER.RUB	0.125	812	9262
50	220	THUJ.SPP.ALL	0.1	394	3768
50	220	TSUG.CAN	0.091	410	4254
50	221	ABIE.BAL	0.111	829	4581
50	221	ACER.RUB	0.167	581	3826
50	221	ACER.SAH	0.125	730	5262
50	221	BETU.ALL	0.143	567	3913
50	221	BETU.PAP	0.2	375	2108
50	221	FAGU.GRA	0.125	780	6403
50	221	LARI.LAR	0.143	256	1443
50	221	PICE.GLA	0.111	554	5980
50	221	PICE.MAR	0.083	577	4733
50	221	PICE.RUB	0.091	1402	8072
50	221	PINU.BAN	0.167	674	5514
50	221	PINU.RES	0.143	782	6342
50	221	PINU.STR	0.143	682	5075
50	221	POPU.TRE	0.167	604	4298
50	221	QUER.RUB	0.111	1080	9564
50	221	THUJ.SPP.ALL	0.091	431	3978
50	221	TSUG.CAN	0.091	455	4584
50	222	ABIE.BAL	0.143	747	4866
50	222	ACER.RUB	0.143	521	3599
50	222	ACER.SAH	0.111	590	5428
50	222	BETU.ALL	0.111	568	3792
50	222	BETU.PAP	0.25	335	2150
50	222	FAGU.GRA	0.111	663	6625
50	222	LARI.LAR	0.167	232	1547
50	222	PICE.GLA	0.111	518	6121
50	222	PICE.MAR	0.083	570	5420
50	222	PICE.RUB	0.091	1202	8184
50	222	PINU.BAN	0.167	657	5451
50	222	PINU.RES	0.125	711	6068
50	222	PINU.STR	0.125	609	4803
50	222	POPU.TRE	0.2	560	4334
50	222	QUER.RUB	0.125	1009	9480
50	222	THUJ.SPP.ALL	0.091	338	3692
50	222	TSUG.CAN	0.083	422	4226
50	223	ABIE.BAL	0.143	768	4688
50	223	ACER.RUB	0.143	512	3711
50	223	ACER.SAH	0.111	669	5522
50	223	BETU.ALL	0.111	574	3609
50	223	BETU.PAP	0.25	320	2044
50	223	FAGU.GRA	0.111	666	6284
50	223	LARI.LAR	0.167	225	1464
50	223	PICE.GLA	0.111	523	6132
50	223	PICE.MAR	0.091	613	5278
50	223	PICE.RUB	0.091	1711	8201
50	223	PINU.BAN	0.167	656	5537
50	223	PINU.RES	0.125	714	6054
50	223	PINU.STR	0.125	607	4921
50	223	POPU.TRE	0.2	606	4296
50	223	QUER.RUB	0.125	852	9424
50	223	THUJ.SPP.ALL	0.091	339	3675
50	223	TSUG.CAN	0.083	436	4372
50	378	ABIE.BAL	0.091	704	2497
50	378	ACER.RUB	0.25	491	3734
50	378	ACER.SAH	0.111	661	4148
50	378	BETU.ALL	0.125	479	3648
50	378	BETU.PAP	0.167	244	1808
50	378	FAGU.GRA	0.143	702	6466
50	378	LARI.LAR	0.091	158	729
50	378	PICE.GLA	0.026	254	3097
50	378	PICE.MAR	0	0	0
50	378	PICE.RUB	0.077	1158	6506
50	378	PINU.BAN	0.143	515	4896
50	378	PINU.RES	0.143	592	5880
50	378	PINU.STR	0.143	579	4956
50	378	POPU.TRE	0.143	531	3553
50	378	QUER.RUB	0.143	2451	7303
50	378	THUJ.SPP.ALL	0.083	494	4112
50	378	TSUG.CAN	0.091	412	4190
50	379	ABIE.BAL	0.091	566	2799
50	379	ACER.RUB	0.25	514	3667
50	379	ACER.SAH	0.111	702	4580
50	379	BETU.ALL	0.125	496	3641
50	379	BETU.PAP	0.167	244	1861
50	379	FAGU.GRA	0.143	697	6161
50	379	LARI.LAR	0.091	169	831
50	379	PICE.GLA	0.006	12	31
50	379	PICE.MAR	0	0	0
50	379	PICE.RUB	0.077	1064	6620
50	379	PINU.BAN	0.143	554	4872
50	379	PINU.RES	0.143	607	5923
50	379	PINU.STR	0.143	598	5045
50	379	POPU.TRE	0.143	553	3604
50	379	QUER.RUB	0.143	1153	8438
50	379	THUJ.SPP.ALL	0.083	503	4139
50	379	TSUG.CAN	0.091	428	4324
80	28	ABIE.BAL	0	0	0
80	28	ACER.RUB	0.167	406	3477
80	28	ACER.SAH	0.125	746	2015
80	28	BETU.ALL	0.111	313	3240
80	28	BETU.PAP	0.091	162	692
80	28	FAGU.GRA	0.125	624	6466
80	28	LARI.LAR	0	0	0
80	28	PICE.GLA	0	0	0
80	28	PICE.MAR	0	0	0
80	28	PICE.RUB	0	0	0
80	28	PINU.BAN	0.091	213	2477
80	28	PINU.RES	0.111	391	4060
80	28	PINU.STR	0.125	400	4385
80	28	POPU.TRE	0	0	0
80	28	QUER.RUB	0.143	4256	6433
80	28	THUJ.SPP.ALL	0.045	291	2645
80	28	TSUG.CAN	0.083	357	3580
80	29	ABIE.BAL	0	0	0
80	29	ACER.RUB	0.167	408	3486
80	29	ACER.SAH	0.125	1034	2182
80	29	BETU.ALL	0.111	300	3053
80	29	BETU.PAP	0.125	168	814
80	29	FAGU.GRA	0.125	592	6691
80	29	LARI.LAR	0	0	0
80	29	PICE.GLA	0	0	0
80	29	PICE.MAR	0	0	0
80	29	PICE.RUB	0.027	362	2933
80	29	PINU.BAN	0.125	277	2795
80	29	PINU.RES	0.111	478	4456
80	29	PINU.STR	0.125	412	4413
80	29	POPU.TRE	0	0	0
80	29	QUER.RUB	0.143	2008	5698
80	29	THUJ.SPP.ALL	0.059	276	2710
80	29	TSUG.CAN	0.091	399	3468
80	130	ABIE.BAL	0.01	32	85
80	130	ACER.RUB	0.25	427	3640
80	130	ACER.SAH	0.125	1530	3158
80	130	BETU.ALL	0.125	383	3333
80	130	BETU.PAP	0.143	192	1496
80	130	FAGU.GRA	0.125	618	6452
80	130	LARI.LAR	0	0	0
80	130	PICE.GLA	0	0	0
80	130	PICE.MAR	0	0	0
80	130	PICE.RUB	0.071	914	6622
80	130	PINU.BAN	0.143	453	4180
80	130	PINU.RES	0.125	600	5120
80	130	PINU.STR	0.143	463	4576
80	130	POPU.TRE	0.125	485	2650
80	130	QUER.RUB	0.167	1880	6756
80	130	THUJ.SPP.ALL	0.071	384	3212
80	130	TSUG.CAN	0.091	370	3928
80	131	ABIE.BAL	0.024	196	683
80	131	ACER.RUB	0.25	510	3688
80	131	ACER.SAH	0.111	1084	3184
80	131	BETU.ALL	0.125	395	3454
80	131	BETU.PAP	0.143	204	1630
80	131	FAGU.GRA	0.125	682	6545
80	131	LARI.LAR	0	0	0
80	131	PICE.GLA	0	0	0
80	131	PICE.MAR	0	0	0
80	131	PICE.RUB	0.071	1020	7080
80	131	PINU.BAN	0.143	529	4418
80	131	PINU.RES	0.125	606	5412
80	131	PINU.STR	0.143	520	4904
80	131	POPU.TRE	0.143	500	2966
80	131	QUER.RUB	0.167	1078	7048
80	131	THUJ.SPP.ALL	0.077	416	3323
80	131	TSUG.CAN	0.091	366	4062
80	132	ABIE.BAL	0.083	324	1487
80	132	ACER.RUB	0.25	525	3756
80	132	ACER.SAH	0.125	532	4146
80	132	BETU.ALL	0.125	440	3572
80	132	BETU.PAP	0.143	210	1681
80	132	FAGU.GRA	0.125	713	7183
80	132	LARI.LAR	0	0	0
80	132	PICE.GLA	0	0	0
80	132	PICE.MAR	0	0	0
80	132	PICE.RUB	0.071	1258	6337
80	132	PINU.BAN	0.143	542	4398
80	132	PINU.RES	0.125	598	5531
80	132	PINU.STR	0.143	544	5001
80	132	POPU.TRE	0.143	481	3021
80	132	QUER.RUB	0.167	944	8684
80	132	THUJ.SPP.ALL	0.077	404	3218
80	132	TSUG.CAN	0.091	390	4248
80	133	ABIE.BAL	0	0	0
80	133	ACER.RUB	0.25	508	3716
80	133	ACER.SAH	0.125	586	4531
80	133	BETU.ALL	0.125	425	3644
80	133	BETU.PAP	0.143	178	1466
80	133	FAGU.GRA	0.125	678	6524
80	133	LARI.LAR	0	0	0
80	133	PICE.GLA	0	0	0
80	133	PICE.MAR	0	0	0
80	133	PICE.RUB	0.067	1074	6268
80	133	PINU.BAN	0.125	478	4038
80	133	PINU.RES	0.125	652	5210
80	133	PINU.STR	0.143	474	4707
80	133	POPU.TRE	0.125	507	2610
80	133	QUER.RUB	0.143	916	7884
80	133	THUJ.SPP.ALL	0.071	433	3310
80	133	TSUG.CAN	0.091	362	4170
80	134	ABIE.BAL	0	0	0
80	134	ACER.RUB	0.25	445	3554
80	134	ACER.SAH	0.125	1349	3686
80	134	BETU.ALL	0.125	411	3507
80	134	BETU.PAP	0.143	201	1530
80	134	FAGU.GRA	0.125	628	6599
80	134	LARI.LAR	0	0	0
80	134	PICE.GLA	0	0	0
80	134	PICE.MAR	0	0	0
80	134	PICE.RUB	0.062	1211	6830
80	134	PINU.BAN	0.143	578	4275
80	134	PINU.RES	0.125	629	5161
80	134	PINU.STR	0.143	480	4777
80	134	POPU.TRE	0.125	476	2810
80	134	QUER.RUB	0.167	1326	7565
80	134	THUJ.SPP.ALL	0.077	414	3419
80	134	TSUG.CAN	0.091	332	4022
80	135	ABIE.BAL	0.083	320	1693
80	135	ACER.RUB	0.25	555	3830
80	135	ACER.SAH	0.125	535	4395
80	135	BETU.ALL	0.125	484	3648
80	135	BETU.PAP	0.143	198	1685
80	135	FAGU.GRA	0.125	739	6652
80	135	LARI.LAR	0	0	0
80	135	PICE.GLA	0	0	0
80	135	PICE.MAR	0	0	0
80	135	PICE.RUB	0.071	1207	6449
80	135	PINU.BAN	0.143	559	4501
80	135	PINU.RES	0.125	592	5620
80	135	PINU.STR	0.143	556	4814
80	135	POPU.TRE	0.143	428	3203
80	135	QUER.RUB	0.167	1027	8008
80	135	THUJ.SPP.ALL	0.077	409	3587
80	135	TSUG.CAN	0.091	380	4179
80	136	ABIE.BAL	0	0	0
80	136	ACER.RUB	0.25	363	3344
80	136	ACER.SAH	0.125	427	2111
80	136	BETU.ALL	0.125	327	3239
80	136	BETU.PAP	0.143	184	1347
80	136	FAGU.GRA	0.125	589	6292
80	136	LARI.LAR	0	0	0
80	136	PICE.GLA	0	0	0
80	136	PICE.MAR	0	0	0
80	136	PICE.RUB	0.05	562	6814
80	136	PINU.BAN	0.143	559	3986
80	136	PINU.RES	0.125	681	5038
80	136	PINU.STR	0.143	421	4563
80	136	POPU.TRE	0.125	440	2229
80	136	QUER.RUB	0.143	984	5159
80	136	THUJ.SPP.ALL	0.071	360	3091
80	136	TSUG.CAN	0.091	360	3554
80	137	ABIE.BAL	0	0	0
80	137	ACER.RUB	0.25	418	3572
80	137	ACER.SAH	0.125	789	2638
80	137	BETU.ALL	0.125	366	3379
80	137	BETU.PAP	0.143	194	1417
80	137	FAGU.GRA	0.125	678	6491
80	137	LARI.LAR	0	0	0
80	137	PICE.GLA	0	0	0
80	137	PICE.MAR	0	0	0
80	137	PICE.RUB	0.067	547	6137
80	137	PINU.BAN	0.143	543	4056
80	137	PINU.RES	0.125	671	5028
80	137	PINU.STR	0.143	478	4634
80	137	POPU.TRE	0.125	482	2454
80	137	QUER.RUB	0.111	596	5615
80	137	THUJ.SPP.ALL	0.071	424	3452
80	137	TSUG.CAN	0.091	369	3720
80	217	ABIE.BAL	0.091	452	2084
80	217	ACER.RUB	0.25	515	3772
80	217	ACER.SAH	0.125	644	4202
80	217	BETU.ALL	0.125	463	3501
80	217	BETU.PAP	0.143	206	1755
80	217	FAGU.GRA	0.143	715	6552
80	217	LARI.LAR	0.111	44	316
80	217	PICE.GLA	0	0	0
80	217	PICE.MAR	0	0	0
80	217	PICE.RUB	0.077	1120	6440
80	217	PINU.BAN	0.143	491	4661
80	217	PINU.RES	0.143	573	5806
80	217	PINU.STR	0.143	562	4967
80	217	POPU.TRE	0.143	467	3387
80	217	QUER.RUB	0.167	857	8582
80	217	THUJ.SPP.ALL	0.083	405	3381
80	217	TSUG.CAN	0.091	416	4088
80	218	ABIE.BAL	0.111	615	3013
80	218	ACER.RUB	0.25	489	3675
80	218	ACER.SAH	0.125	593	4132
80	218	BETU.ALL	0.125	462	3518
80	218	BETU.PAP	0.167	219	1828
80	218	FAGU.GRA	0.143	658	6592
80	218	LARI.LAR	0.143	79	598
80	218	PICE.GLA	0.071	288	3583
80	218	PICE.MAR	0.024	262	2308
80	218	PICE.RUB	0.091	1406	6944
80	218	PINU.BAN	0.143	462	4910
80	218	PINU.RES	0.143	567	5938
80	218	PINU.STR	0.143	562	4911
80	218	POPU.TRE	0.143	418	3562
80	218	QUER.RUB	0.167	803	8084
80	218	THUJ.SPP.ALL	0.091	379	3551
80	218	TSUG.CAN	0.091	373	4216
80	219	ABIE.BAL	0.111	583	3180
80	219	ACER.RUB	0.25	482	3687
80	219	ACER.SAH	0.125	599	4561
80	219	BETU.ALL	0.125	476	3466
80	219	BETU.PAP	0.167	242	1828
80	219	FAGU.GRA	0.143	641	6664
80	219	LARI.LAR	0.143	85	695
80	219	PICE.GLA	0.083	296	3471
80	219	PICE.MAR	0.03	299	2582
80	219	PICE.RUB	0.091	1487	7035
80	219	PINU.BAN	0.143	457	4900
80	219	PINU.RES	0.143	630	5628
80	219	PINU.STR	0.143	540	4939
80	219	POPU.TRE	0.143	417	3646
80	219	QUER.RUB	0.167	762	9127
80	219	THUJ.SPP.ALL	0.091	375	3544
80	219	TSUG.CAN	0.091	388	4113
80	220	ABIE.BAL	0.111	583	2728
80	220	ACER.RUB	0.25	485	3616
80	220	ACER.SAH	0.125	626	4425
80	220	BETU.ALL	0.125	432	3528
80	220	BETU.PAP	0.167	216	1853
80	220	FAGU.GRA	0.143	627	6426
80	220	LARI.LAR	0.125	64	471
80	220	PICE.GLA	0.024	249	2501
80	220	PICE.MAR	0	0	0
80	220	PICE.RUB	0.091	1164	6745
80	220	PINU.BAN	0.143	455	4891
80	220	PINU.RES	0.143	561	5784
80	220	PINU.STR	0.143	531	4605
80	220	POPU.TRE	0.143	444	3478
80	220	QUER.RUB	0.167	1065	7701
80	220	THUJ.SPP.ALL	0.091	408	3514
80	220	TSUG.CAN	0.091	377	4130
80	221	ABIE.BAL	0.091	420	1914
80	221	ACER.RUB	0.25	473	3728
80	221	ACER.SAH	0.125	749	3674
80	221	BETU.ALL	0.125	467	3510
80	221	BETU.PAP	0.143	239	1772
80	221	FAGU.GRA	0.143	720	6643
80	221	LARI.LAR	0.111	36	306
80	221	PICE.GLA	0	0	0
80	221	PICE.MAR	0	0	0
80	221	PICE.RUB	0.077	1042	6854
80	221	PINU.BAN	0.143	522	4703
80	221	PINU.RES	0.143	575	5645
80	221	PINU.STR	0.143	575	4980
80	221	POPU.TRE	0.143	429	3300
80	221	QUER.RUB	0.167	1655	7226
80	221	THUJ.SPP.ALL	0.083	409	3509
80	221	TSUG.CAN	0.091	402	4174
80	222	ABIE.BAL	0.125	1074	3995
80	222	ACER.RUB	0.25	508	3659
80	222	ACER.SAH	0.143	694	5124
80	222	BETU.ALL	0.125	485	3600
80	222	BETU.PAP	0.167	282	2010
80	222	FAGU.GRA	0.143	639	6632
80	222	LARI.LAR	0.143	110	1027
80	222	PICE.GLA	0.1	523	4438
80	222	PICE.MAR	0.067	370	3615
80	222	PICE.RUB	0.091	2086	7215
80	222	PINU.BAN	0.167	442	5121
80	222	PINU.RES	0.143	625	5904
80	222	PINU.STR	0.143	555	4728
80	222	POPU.TRE	0.167	408	3945
80	222	QUER.RUB	0.143	923	9770
80	222	THUJ.SPP.ALL	0.091	358	3630
80	222	TSUG.CAN	0.091	413	4324
80	223	ABIE.BAL	0.125	783	3909
80	223	ACER.RUB	0.25	479	3592
80	223	ACER.SAH	0.143	782	4716
80	223	BETU.ALL	0.125	464	3532
80	223	BETU.PAP	0.167	263	1928
80	223	FAGU.GRA	0.143	644	6551
80	223	LARI.LAR	0.143	132	955
80	223	PICE.GLA	0.1	515	4443
80	223	PICE.MAR	0.067	384	3577
80	223	PICE.RUB	0.091	1455	7786
80	223	PINU.BAN	0.167	438	5076
80	223	PINU.RES	0.143	629	5928
80	223	PINU.STR	0.143	558	4923
80	223	POPU.TRE	0.167	396	3962
80	223	QUER.RUB	0.143	826	8811
80	223	THUJ.SPP.ALL	0.091	359	3568
80	223	TSUG.CAN	0.091	406	4256
80	378	ABIE.BAL	0	0	0
80	378	ACER.RUB	0.167	312	3375
80	378	ACER.SAH	0.062	316	1936
80	378	BETU.ALL	0.111	258	3292
80	378	BETU.PAP	0.125	124	722
80	378	FAGU.GRA	0.125	572	6544
80	378	LARI.LAR	0	0	0
80	378	PICE.GLA	0	0	0
80	378	PICE.MAR	0	0	0
80	378	PICE.RUB	0.014	14	102
80	378	PINU.BAN	0.125	192	2458
80	378	PINU.RES	0.111	388	4274
80	378	PINU.STR	0.125	410	4495
80	378	POPU.TRE	0	0	0
80	378	QUER.RUB	0.111	683	5123
80	378	THUJ.SPP.ALL	0.053	265	2784
80	378	TSUG.CAN	0.091	342	3232
80	379	ABIE.BAL	0	0	0
80	379	ACER.RUB	0.167	392	3410
80	379	ACER.SAH	0.111	510	2182
80	379	BETU.ALL	0.111	286	3350
80	379	BETU.PAP	0.125	132	717
80	379	FAGU.GRA	0.125	623	6343
80	379	LARI.LAR	0	0	0
80	379	PICE.GLA	0	0	0
80	379	PICE.MAR	0	0	0
80	379	PICE.RUB	0	0	0
80	379	PINU.BAN	0.1	237	2580
80	379	PINU.RES	0.111	369	4234
80	379	PINU.STR	0.125	418	4476
80	379	POPU.TRE	0	0	0
80	379	QUER.RUB	0.111	1493	5040
80	379	THUJ.SPP.ALL	0.053	279	2835
80	379	TSUG.CAN	0.091	408	3366

